0	3.146
0.001	3.138
0.002	3.13
0.003	3.122
0.004	3.114
0.005	3.106
0.006	3.098
0.007	3.09
0.008	3.082
0.009	3.074
0.01	3.067
0.011	3.059
0.012	3.051
0.013	3.043
0.014	3.035
0.015	3.027
0.016	3.019
0.017	3.011
0.018	3.004
0.019	2.996
0.02	2.988
0.021	2.98
0.022	2.972
0.023	2.965
0.024	2.957
0.025	2.949
0.026	2.941
0.027	2.934
0.028	2.926
0.029	2.918
0.03	2.91
0.031	2.903
0.032	2.895
0.033	2.887
0.034	2.88
0.035	2.872
0.036	2.864
0.037	2.857
0.038	2.849
0.039	2.841
0.04	2.834
0.041	2.826
0.042	2.819
0.043	2.811
0.044	2.803
0.045	2.796
0.046	2.788
0.047	2.781
0.048	2.773
0.049	2.766
0.05	2.758
0.051	2.751
0.052	2.743
0.053	2.736
0.054	2.728
0.055	2.721
0.056	2.713
0.057	2.706
0.058	2.699
0.059	2.691
0.06	2.684
0.061	2.676
0.062	2.669
0.063	2.662
0.064	2.654
0.065	2.647
0.066	2.64
0.067	2.632
0.068	2.625
0.069	2.618
0.07	2.61
0.071	2.603
0.072	2.596
0.073	2.588
0.074	2.581
0.075	2.574
0.076	2.567
0.077	2.559
0.078	2.552
0.079	2.545
0.08	2.538
0.081	2.531
0.082	2.523
0.083	2.516
0.084	2.509
0.085	2.502
0.086	2.495
0.087	2.488
0.088	2.481
0.089	2.473
0.09	2.466
0.091	2.459
0.092	2.452
0.093	2.445
0.094	2.438
0.095	2.431
0.096	2.424
0.097	2.417
0.098	2.41
0.099	2.403
0.1	2.396
0.101	2.389
0.102	2.382
0.103	2.375
0.104	2.368
0.105	2.361
0.106	2.354
0.107	2.347
0.108	2.34
0.109	2.333
0.11	2.326
0.111	2.32
0.112	2.313
0.113	2.306
0.114	2.299
0.115	2.292
0.116	2.285
0.117	2.278
0.118	2.272
0.119	2.265
0.12	2.258
0.121	2.251
0.122	2.244
0.123	2.238
0.124	2.231
0.125	2.224
0.126	2.217
0.127	2.211
0.128	2.204
0.129	2.197
0.13	2.191
0.131	2.184
0.132	2.177
0.133	2.171
0.134	2.164
0.135	2.157
0.136	2.151
0.137	2.144
0.138	2.137
0.139	2.131
0.14	2.124
0.141	2.118
0.142	2.111
0.143	2.105
0.144	2.098
0.145	2.091
0.146	2.085
0.147	2.078
0.148	2.072
0.149	2.065
0.15	2.059
0.151	2.052
0.152	2.046
0.153	2.04
0.154	2.033
0.155	2.027
0.156	2.02
0.157	2.014
0.158	2.007
0.159	2.001
0.16	1.995
0.161	1.988
0.162	1.982
0.163	1.976
0.164	1.969
0.165	1.963
0.166	1.957
0.167	1.95
0.168	1.944
0.169	1.938
0.17	1.931
0.171	1.925
0.172	1.919
0.173	1.913
0.174	1.906
0.175	1.9
0.176	1.894
0.177	1.888
0.178	1.881
0.179	1.875
0.18	1.869
0.181	1.863
0.182	1.857
0.183	1.851
0.184	1.844
0.185	1.838
0.186	1.832
0.187	1.826
0.188	1.82
0.189	1.814
0.19	1.808
0.191	1.802
0.192	1.796
0.193	1.79
0.194	1.784
0.195	1.778
0.196	1.771
0.197	1.765
0.198	1.759
0.199	1.753
0.2	1.748
0.201	1.742
0.202	1.736
0.203	1.73
0.204	1.724
0.205	1.718
0.206	1.712
0.207	1.706
0.208	1.7
0.209	1.694
0.21	1.688
0.211	1.682
0.212	1.677
0.213	1.671
0.214	1.665
0.215	1.659
0.216	1.653
0.217	1.647
0.218	1.642
0.219	1.636
0.22	1.63
0.221	1.624
0.222	1.619
0.223	1.613
0.224	1.607
0.225	1.601
0.226	1.596
0.227	1.59
0.228	1.584
0.229	1.579
0.23	1.573
0.231	1.567
0.232	1.562
0.233	1.556
0.234	1.55
0.235	1.545
0.236	1.539
0.237	1.533
0.238	1.528
0.239	1.522
0.24	1.517
0.241	1.511
0.242	1.506
0.243	1.5
0.244	1.495
0.245	1.489
0.246	1.484
0.247	1.478
0.248	1.473
0.249	1.467
0.25	1.462
0.251	1.456
0.252	1.451
0.253	1.445
0.254	1.44
0.255	1.434
0.256	1.429
0.257	1.424
0.258	1.418
0.259	1.413
0.26	1.407
0.261	1.402
0.262	1.397
0.263	1.391
0.264	1.386
0.265	1.381
0.266	1.375
0.267	1.37
0.268	1.365
0.269	1.36
0.27	1.354
0.271	1.349
0.272	1.344
0.273	1.339
0.274	1.333
0.275	1.328
0.276	1.323
0.277	1.318
0.278	1.313
0.279	1.307
0.28	1.302
0.281	1.297
0.282	1.292
0.283	1.287
0.284	1.282
0.285	1.277
0.286	1.271
0.287	1.266
0.288	1.261
0.289	1.256
0.29	1.251
0.291	1.246
0.292	1.241
0.293	1.236
0.294	1.231
0.295	1.226
0.296	1.221
0.297	1.216
0.298	1.211
0.299	1.206
0.3	1.201
0.301	1.196
0.302	1.191
0.303	1.186
0.304	1.181
0.305	1.176
0.306	1.172
0.307	1.167
0.308	1.162
0.309	1.157
0.31	1.152
0.311	1.147
0.312	1.142
0.313	1.138
0.314	1.133
0.315	1.128
0.316	1.123
0.317	1.118
0.318	1.114
0.319	1.109
0.32	1.104
0.321	1.099
0.322	1.095
0.323	1.09
0.324	1.085
0.325	1.08
0.326	1.076
0.327	1.071
0.328	1.066
0.329	1.062
0.33	1.057
0.331	1.052
0.332	1.048
0.333	1.043
0.334	1.039
0.335	1.034
0.336	1.029
0.337	1.025
0.338	1.02
0.339	1.016
0.34	1.011
0.341	1.007
0.342	1.002
0.343	0.9975
0.344	0.993
0.345	0.9885
0.346	0.984
0.347	0.9795
0.348	0.975
0.349	0.9706
0.35	0.9661
0.351	0.9617
0.352	0.9573
0.353	0.9528
0.354	0.9484
0.355	0.944
0.356	0.9396
0.357	0.9353
0.358	0.9309
0.359	0.9265
0.36	0.9222
0.361	0.9179
0.362	0.9135
0.363	0.9092
0.364	0.9049
0.365	0.9006
0.366	0.8963
0.367	0.892
0.368	0.8878
0.369	0.8835
0.37	0.8793
0.371	0.875
0.372	0.8708
0.373	0.8666
0.374	0.8624
0.375	0.8582
0.376	0.854
0.377	0.8498
0.378	0.8457
0.379	0.8415
0.38	0.8374
0.381	0.8332
0.382	0.8291
0.383	0.825
0.384	0.8209
0.385	0.8168
0.386	0.8127
0.387	0.8087
0.388	0.8046
0.389	0.8005
0.39	0.7965
0.391	0.7925
0.392	0.7884
0.393	0.7844
0.394	0.7804
0.395	0.7764
0.396	0.7725
0.397	0.7685
0.398	0.7645
0.399	0.7606
0.4	0.7566
0.401	0.7527
0.402	0.7488
0.403	0.7449
0.404	0.741
0.405	0.7371
0.406	0.7332
0.407	0.7293
0.408	0.7255
0.409	0.7216
0.41	0.7178
0.411	0.714
0.412	0.7102
0.413	0.7063
0.414	0.7025
0.415	0.6988
0.416	0.695
0.417	0.6912
0.418	0.6875
0.419	0.6837
0.42	0.68
0.421	0.6763
0.422	0.6725
0.423	0.6688
0.424	0.6651
0.425	0.6615
0.426	0.6578
0.427	0.6541
0.428	0.6505
0.429	0.6468
0.43	0.6432
0.431	0.6396
0.432	0.6359
0.433	0.6323
0.434	0.6287
0.435	0.6252
0.436	0.6216
0.437	0.618
0.438	0.6145
0.439	0.6109
0.44	0.6074
0.441	0.6039
0.442	0.6004
0.443	0.5969
0.444	0.5934
0.445	0.5899
0.446	0.5864
0.447	0.583
0.448	0.5795
0.449	0.5761
0.45	0.5726
0.451	0.5692
0.452	0.5658
0.453	0.5624
0.454	0.559
0.455	0.5556
0.456	0.5523
0.457	0.5489
0.458	0.5456
0.459	0.5422
0.46	0.5389
0.461	0.5356
0.462	0.5323
0.463	0.529
0.464	0.5257
0.465	0.5224
0.466	0.5191
0.467	0.5159
0.468	0.5126
0.469	0.5094
0.47	0.5062
0.471	0.503
0.472	0.4997
0.473	0.4966
0.474	0.4934
0.475	0.4902
0.476	0.487
0.477	0.4839
0.478	0.4807
0.479	0.4776
0.48	0.4745
0.481	0.4714
0.482	0.4682
0.483	0.4652
0.484	0.4621
0.485	0.459
0.486	0.4559
0.487	0.4529
0.488	0.4498
0.489	0.4468
0.49	0.4438
0.491	0.4408
0.492	0.4378
0.493	0.4348
0.494	0.4318
0.495	0.4288
0.496	0.4259
0.497	0.4229
0.498	0.42
0.499	0.417
0.5	0.4141
0.501	0.4112
0.502	0.4083
0.503	0.4054
0.504	0.4025
0.505	0.3997
0.506	0.3968
0.507	0.394
0.508	0.3911
0.509	0.3883
0.51	0.3855
0.511	0.3827
0.512	0.3799
0.513	0.3771
0.514	0.3743
0.515	0.3715
0.516	0.3688
0.517	0.366
0.518	0.3633
0.519	0.3606
0.52	0.3578
0.521	0.3551
0.522	0.3524
0.523	0.3498
0.524	0.3471
0.525	0.3444
0.526	0.3418
0.527	0.3391
0.528	0.3365
0.529	0.3339
0.53	0.3312
0.531	0.3286
0.532	0.326
0.533	0.3235
0.534	0.3209
0.535	0.3183
0.536	0.3158
0.537	0.3132
0.538	0.3107
0.539	0.3082
0.54	0.3057
0.541	0.3032
0.542	0.3007
0.543	0.2982
0.544	0.2957
0.545	0.2932
0.546	0.2908
0.547	0.2884
0.548	0.2859
0.549	0.2835
0.55	0.2811
0.551	0.2787
0.552	0.2763
0.553	0.2739
0.554	0.2715
0.555	0.2692
0.556	0.2668
0.557	0.2645
0.558	0.2622
0.559	0.2598
0.56	0.2575
0.561	0.2552
0.562	0.253
0.563	0.2507
0.564	0.2484
0.565	0.2461
0.566	0.2439
0.567	0.2417
0.568	0.2394
0.569	0.2372
0.57	0.235
0.571	0.2328
0.572	0.2306
0.573	0.2285
0.574	0.2263
0.575	0.2241
0.576	0.222
0.577	0.2198
0.578	0.2177
0.579	0.2156
0.58	0.2135
0.581	0.2114
0.582	0.2093
0.583	0.2072
0.584	0.2052
0.585	0.2031
0.586	0.2011
0.587	0.1991
0.588	0.197
0.589	0.195
0.59	0.193
0.591	0.191
0.592	0.189
0.593	0.1871
0.594	0.1851
0.595	0.1832
0.596	0.1812
0.597	0.1793
0.598	0.1774
0.599	0.1754
0.6	0.1735
0.601	0.1717
0.602	0.1698
0.603	0.1679
0.604	0.166
0.605	0.1642
0.606	0.1623
0.607	0.1605
0.608	0.1587
0.609	0.1569
0.61	0.1551
0.611	0.1533
0.612	0.1515
0.613	0.1498
0.614	0.148
0.615	0.1462
0.616	0.1445
0.617	0.1428
0.618	0.1411
0.619	0.1394
0.62	0.1377
0.621	0.136
0.622	0.1343
0.623	0.1326
0.624	0.131
0.625	0.1293
0.626	0.1277
0.627	0.1261
0.628	0.1244
0.629	0.1228
0.63	0.1212
0.631	0.1197
0.632	0.1181
0.633	0.1165
0.634	0.115
0.635	0.1134
0.636	0.1119
0.637	0.1104
0.638	0.1089
0.639	0.1074
0.64	0.1059
0.641	0.1044
0.642	0.1029
0.643	0.1014
0.644	0.09999
0.645	0.09854
0.646	0.09711
0.647	0.09569
0.648	0.09428
0.649	0.09288
0.65	0.09148
0.651	0.0901
0.652	0.08873
0.653	0.08737
0.654	0.08602
0.655	0.08468
0.656	0.08335
0.657	0.08203
0.658	0.08072
0.659	0.07942
0.66	0.07813
0.661	0.07685
0.662	0.07558
0.663	0.07432
0.664	0.07307
0.665	0.07184
0.666	0.07061
0.667	0.06939
0.668	0.06818
0.669	0.06698
0.67	0.0658
0.671	0.06462
0.672	0.06345
0.673	0.0623
0.674	0.06115
0.675	0.06001
0.676	0.05889
0.677	0.05777
0.678	0.05666
0.679	0.05557
0.68	0.05448
0.681	0.05341
0.682	0.05234
0.683	0.05129
0.684	0.05024
0.685	0.04921
0.686	0.04818
0.687	0.04717
0.688	0.04616
0.689	0.04517
0.69	0.04419
0.691	0.04321
0.692	0.04225
0.693	0.0413
0.694	0.04035
0.695	0.03942
0.696	0.0385
0.697	0.03759
0.698	0.03669
0.699	0.03579
0.7	0.03491
0.701	0.03404
0.702	0.03318
0.703	0.03233
0.704	0.03149
0.705	0.03066
0.706	0.02984
0.707	0.02903
0.708	0.02823
0.709	0.02744
0.71	0.02666
0.711	0.02589
0.712	0.02513
0.713	0.02438
0.714	0.02364
0.715	0.02291
0.716	0.02219
0.717	0.02148
0.718	0.02078
0.719	0.0201
0.72	0.01942
0.721	0.01875
0.722	0.01809
0.723	0.01745
0.724	0.01681
0.725	0.01618
0.726	0.01557
0.727	0.01496
0.728	0.01436
0.729	0.01378
0.73	0.0132
0.731	0.01264
0.732	0.01208
0.733	0.01154
0.734	0.011
0.735	0.01048
0.736	0.00996
0.737	0.009456
0.738	0.008962
0.739	0.008478
0.74	0.008004
0.741	0.00754
0.742	0.007086
0.743	0.006643
0.744	0.00621
0.745	0.005787
0.746	0.005374
0.747	0.004972
0.748	0.004579
0.749	0.004197
0.75	0.003825
0.751	0.003464
0.752	0.003112
0.753	0.002771
0.754	0.002439
0.755	0.002118
0.756	0.001808
0.757	0.001507
0.758	0.001217
0.759	0.0009365
0.76	0.0006665
0.761	0.0004067
0.762	0.000157
0.763	-8.239e-05
0.764	-0.0003116
0.765	-0.0005307
0.766	-0.0007395
0.767	-0.0009382
0.768	-0.001127
0.769	-0.001305
0.77	-0.001473
0.771	-0.001631
0.772	-0.001779
0.773	-0.001916
0.774	-0.002043
0.775	-0.00216
0.776	-0.002267
0.777	-0.002364
0.778	-0.002451
0.779	-0.002527
0.78	-0.002593
0.781	-0.002649
0.782	-0.002695
0.783	-0.00273
0.784	-0.002756
0.785	-0.002771
0.786	-0.002776
0.787	-0.00277
0.788	-0.002755
0.789	-0.002729
0.79	-0.002694
0.791	-0.002647
0.792	-0.002591
0.793	-0.002525
0.794	-0.002448
0.795	-0.002361
0.796	-0.002264
0.797	-0.002157
0.798	-0.00204
0.799	-0.001912
0.8	-0.001775
0.801	-0.001627
0.802	-0.001468
0.803	-0.0013
0.804	-0.001122
0.805	-0.0009329
0.806	-0.0007339
0.807	-0.0005248
0.808	-0.0003055
0.809	-7.596e-05
0.81	0.0001637
0.811	0.0004137
0.812	0.0006737
0.813	0.000944
0.814	0.001225
0.815	0.001515
0.816	0.001816
0.817	0.002127
0.818	0.002448
0.819	0.00278
0.82	0.003122
0.821	0.003473
0.822	0.003835
0.823	0.004208
0.824	0.00459
0.825	0.004983
0.826	0.005386
0.827	0.005799
0.828	0.006222
0.829	0.006655
0.83	0.007099
0.831	0.007553
0.832	0.008017
0.833	0.008491
0.834	0.008975
0.835	0.00947
0.836	0.009974
0.837	0.01049
0.838	0.01101
0.839	0.01155
0.84	0.0121
0.841	0.01265
0.842	0.01322
0.843	0.01379
0.844	0.01438
0.845	0.01498
0.846	0.01558
0.847	0.0162
0.848	0.01683
0.849	0.01746
0.85	0.01811
0.851	0.01877
0.852	0.01944
0.853	0.02012
0.854	0.0208
0.855	0.0215
0.856	0.02221
0.857	0.02293
0.858	0.02366
0.859	0.0244
0.86	0.02515
0.861	0.02591
0.862	0.02668
0.863	0.02746
0.864	0.02825
0.865	0.02905
0.866	0.02986
0.867	0.03068
0.868	0.03151
0.869	0.03235
0.87	0.0332
0.871	0.03406
0.872	0.03494
0.873	0.03582
0.8737	0.04127
0.8747	0.04249
0.8757	0.04374
0.8767	0.04503
0.8777	0.04634
0.8787	0.04768
0.8797	0.04905
0.8807	0.05045
0.8817	0.05187
0.8827	0.05333
0.8837	0.05482
0.8847	0.05633
0.8857	0.05788
0.8867	0.05945
0.8877	0.06105
0.8887	0.06268
0.8897	0.06435
0.8907	0.06604
0.8917	0.06776
0.8927	0.0695
0.8937	0.07128
0.8947	0.07309
0.8957	0.07493
0.8967	0.07679
0.8977	0.07869
0.8987	0.08061
0.8995	0.0828
0.9005	0.08472
0.9015	0.08667
0.9025	0.08866
0.9035	0.09069
0.9045	0.09277
0.9055	0.09488
0.9065	0.09703
0.9075	0.09922
0.9085	0.1015
0.9095	0.1037
0.9105	0.106
0.9115	0.1084
0.9125	0.1108
0.9135	0.1132
0.9145	0.1157
0.9155	0.1182
0.9165	0.1207
0.9174	0.1209
0.9184	0.1236
0.9194	0.1263
0.9204	0.129
0.9214	0.1317
0.9224	0.1345
0.9234	0.1372
0.9244	0.1401
0.9254	0.1429
0.9264	0.1458
0.9274	0.1487
0.9284	0.1516
0.9294	0.1545
0.9304	0.1575
0.9314	0.1605
0.9318	0.1589
0.9328	0.1615
0.9338	0.1642
0.9348	0.1668
0.9358	0.1695
0.9368	0.1722
0.9378	0.1749
0.9388	0.1776
0.9398	0.1803
0.9408	0.183
0.9418	0.1857
0.9428	0.1885
0.9438	0.1912
0.9446	0.1958
0.9456	0.1986
0.9466	0.2014
0.9476	0.2042
0.9486	0.2071
0.9496	0.2099
0.9506	0.2128
0.9516	0.2156
0.9526	0.2185
0.9536	0.2213
0.9546	0.2242
0.9556	0.2271
0.9559	0.2288
0.9569	0.2318
0.9579	0.2347
0.9589	0.2376
0.9599	0.2405
0.9609	0.2433
0.9619	0.2461
0.9629	0.2489
0.9639	0.2517
0.9649	0.2544
0.9659	0.257
0.9667	0.2539
0.9677	0.2567
0.9687	0.2595
0.9697	0.2623
0.9707	0.2651
0.9717	0.2679
0.9727	0.2706
0.9737	0.2734
0.9747	0.2761
0.9757	0.2788
0.9767	0.2815
0.977	0.2838
0.978	0.286
0.979	0.2881
0.98	0.2902
0.981	0.2923
0.982	0.2944
0.983	0.2964
0.984	0.2984
0.985	0.3003
0.986	0.3023
0.9869	0.3036
0.9879	0.3056
0.9889	0.3076
0.9899	0.3095
0.9909	0.3113
0.9919	0.3132
0.9929	0.315
0.9939	0.3167
0.9949	0.3184
0.9959	0.3201
0.9968	0.3161
0.9978	0.3174
0.9988	0.3187
0.9998	0.3199
1.001	0.3211
1.002	0.3222
1.003	0.3233
1.004	0.3242
1.005	0.3252
1.006	0.3261
1.007	0.3269
1.007	0.3229
1.008	0.3233
1.009	0.3236
1.01	0.3239
1.011	0.3241
1.012	0.3243
1.013	0.3245
1.014	0.3246
1.015	0.3246
1.016	0.3246
1.017	0.3246
1.017	0.3221
1.018	0.3221
1.019	0.322
1.02	0.3217
1.021	0.3214
1.022	0.321
1.023	0.3205
1.024	0.3199
1.025	0.3192
1.026	0.3184
1.027	0.3176
1.028	0.3027
1.029	0.3014
1.03	0.3
1.031	0.2985
1.032	0.297
1.033	0.2953
1.034	0.2936
1.035	0.2918
1.036	0.2899
1.037	0.2879
1.038	0.2859
1.039	0.2837
1.04	0.276
1.041	0.2742
1.042	0.2723
1.043	0.2703
1.044	0.2681
1.045	0.2658
1.046	0.2634
1.047	0.2608
1.048	0.2581
1.049	0.2553
1.05	0.2523
1.051	0.2492
1.052	0.246
1.052	0.22
1.053	0.2171
1.054	0.2142
1.055	0.2113
1.056	0.2083
1.057	0.2052
1.058	0.2021
1.059	0.1989
1.06	0.1956
1.061	0.1923
1.062	0.1889
1.063	0.1855
1.064	0.182
1.065	0.1785
1.066	0.1748
1.066	0.1445
1.067	0.1411
1.068	0.1377
1.069	0.1344
1.07	0.1309
1.071	0.1275
1.072	0.124
1.073	0.1205
1.074	0.117
1.075	0.1135
1.076	0.11
1.077	0.1064
1.078	0.1028
1.079	0.0992
1.08	0.09557
1.081	0.09192
1.082	0.08824
1.083	0.05015
1.084	0.04746
1.085	0.04484
1.086	0.04227
1.087	0.03978
1.088	0.03734
1.089	0.03497
1.09	0.03266
1.091	0.03042
1.092	0.02824
1.093	0.02612
1.094	0.02406
1.095	0.02207
1.096	0.02014
1.097	0.01828
1.098	0.01648
1.099	0.01474
1.1	0.01306
1.101	0.01145
1.102	0.009901
1.103	0.008415
1.104	0.006993
1.104	0
1.105	0
1.106	0
1.107	0
1.108	0
1.109	0
1.11	0
1.111	0
1.112	0
1.113	0
1.114	0
1.115	0
1.116	0
1.117	0
1.118	0
1.119	0
1.12	0
1.121	0
1.122	0
1.123	0
1.124	0
1.125	0
1.126	0
1.127	0
1.128	0
1.129	0
1.13	0
1.131	0
1.132	0
1.133	0
1.134	0
1.135	0
1.136	0
1.136	0
1.137	0
1.138	0
1.139	0
1.14	0
1.141	0
1.142	0
1.143	0
1.144	0
1.145	0
1.146	0
1.147	0
1.148	0
1.149	0
1.15	0
1.151	0
1.152	0
1.153	0
1.154	0
1.155	0
1.156	0
1.157	0
1.158	0
1.159	0
1.16	0
1.161	0
1.162	0
1.163	0
1.164	0
1.165	0
1.166	0
1.167	0
1.168	0
1.169	0
1.17	0
1.171	0
1.172	0
1.173	0
1.174	0
1.175	0
1.176	0
1.177	0
1.178	0
1.179	0
1.18	0
1.181	0
1.182	0
1.183	0
1.184	0
1.185	0
1.186	0
1.187	0
1.188	0
1.189	0
1.19	0
1.191	0
1.192	0
1.193	0
1.194	0
1.195	0
1.196	0
1.197	0
1.198	0
1.199	0
1.2	0
1.201	0
1.202	0
1.203	0
1.204	0
1.205	0
1.206	0
1.207	0
1.208	0
1.209	0
1.21	0
1.211	0
1.212	0
1.213	0
1.214	0
1.215	0
1.216	0
1.217	0
1.218	0
1.219	0
1.22	0
1.221	0
1.222	0
1.223	0
1.224	0
1.225	0
1.226	0
1.227	0
1.228	0
1.229	0
1.23	0
1.231	0
1.232	0
1.233	0
1.234	0
1.235	0
1.236	0
1.237	0
1.238	0
1.239	0
1.24	0
1.241	0
1.242	0
1.243	0
1.244	0
1.245	0
1.246	0
1.247	0
1.248	0
1.249	0
1.25	0
1.251	0
1.252	0
1.253	0
1.254	0
1.255	0
1.256	0
1.257	0
1.258	0
1.259	0
1.26	0
1.261	0
1.262	0
1.263	0
1.264	0
1.265	0
1.266	0
1.267	0
1.268	0
1.269	0
1.27	0
1.271	0
1.272	0
1.273	0
1.274	0
1.275	0
1.276	0
1.277	0
1.278	0
1.279	0
1.28	0
1.281	0
1.282	0
1.283	0
1.284	0
1.285	0
1.286	0
1.287	0
1.288	0
1.289	0
1.29	0
1.291	0
1.292	0
1.293	0
1.294	0
1.295	0
1.296	0
1.297	0
1.298	0
1.299	0
1.3	0
1.301	0
1.302	0
1.303	0
1.304	0
1.305	0
1.306	0
1.307	0
1.308	0
1.309	0
1.31	0
1.311	0
1.312	0
1.313	0
1.314	0
1.315	0
1.316	0
1.317	0
1.318	0
1.319	0
1.32	0
1.321	0
1.322	0
1.323	0
1.324	0
1.325	0
1.326	0
1.327	0
1.328	0
1.329	0
1.33	0
1.331	0
1.332	0
1.333	0
1.334	0
1.335	0
1.336	0
1.337	0
1.338	0
1.339	0
1.34	0
1.341	0
1.342	0
1.343	0
1.344	0
1.345	0
1.346	0
1.347	0
1.348	0
1.349	0
1.35	0
1.351	0
1.352	0
1.353	0
1.354	0
1.355	0
1.356	0
1.357	0
1.358	0
1.359	0
1.36	0
1.361	0
1.362	0
1.363	0
1.364	0
1.365	0
1.366	0
1.367	0
1.368	0
1.369	0
1.37	0
1.371	0
1.372	0
1.373	0
1.374	0
1.375	0
1.376	0
1.377	0
1.378	0
1.379	0
1.38	0
1.381	0
1.382	0
1.383	0
1.384	0
1.385	0
1.386	0
1.387	0
1.388	0
1.389	0
1.39	0
1.391	0
1.392	0
1.393	0
1.394	0
1.395	0
1.396	0
1.397	0
1.398	0
1.399	0
1.4	0
1.401	0
1.402	0
1.403	0
1.404	0
1.405	0
1.406	0
1.407	0
1.408	0
1.409	0
1.41	0
1.411	0
1.412	0
1.413	0
1.414	0
1.415	0
1.416	0
1.417	0
1.418	0
1.419	0
1.42	0
1.421	0
1.422	0
1.423	0
1.424	0
1.425	0
1.426	0
1.427	0
1.428	0
1.429	0
1.43	0
1.431	0
1.432	0
1.433	0
1.434	0
1.435	0
1.436	0
1.437	0
1.438	0
1.439	0
1.44	0
1.441	0
1.442	0
1.443	0
1.444	0
1.445	0
1.446	0
1.447	0
1.448	0
1.449	0
1.45	0
1.451	0
1.452	0
1.453	0
1.454	0
1.455	0
1.456	0
1.457	0
1.458	0
1.459	0
1.46	0
1.461	0
1.462	0
1.463	0
1.464	0
1.465	0
1.466	0
1.467	0
1.468	0
1.469	0
1.47	0
1.471	0
1.472	0
1.473	0
1.474	0
1.475	0
1.476	0
1.477	0
1.478	0
1.479	0
1.48	0
1.481	0
1.482	0
1.483	0
1.484	0
1.485	0
1.486	0
1.487	0
1.488	0
1.489	0
1.49	0
1.491	0
1.492	0
1.493	0
1.494	0
1.495	0
1.496	0
1.497	0
1.498	0
1.499	0
1.5	0
1.501	0
1.502	0
1.503	0
1.504	0
1.505	0
1.506	0
1.507	0
1.508	0
1.509	0
1.51	0
1.511	0
1.512	0
1.513	0
1.514	0
1.515	0
1.516	0
1.517	0
1.518	0
1.519	0
1.52	0
1.521	0
1.522	0
1.523	0
1.524	0
1.525	0
1.526	0
1.527	0
1.528	0
1.529	0
1.53	0
1.531	0
1.532	0
1.533	0
1.534	0
1.535	0
1.536	0
1.537	0
1.538	0
1.539	0
1.54	0
1.541	0
1.542	0
1.543	0
1.544	0
1.545	0
1.546	0
1.547	0
1.548	0
1.549	0
1.55	0
1.551	0
1.552	0
1.553	0
1.554	0
1.555	0
1.556	0
1.557	0
1.558	0
1.559	0
1.56	0
1.561	0
1.562	0
1.563	0
1.564	0
1.565	0
1.566	0
1.567	0
1.568	0
1.569	0
1.57	0
1.571	0
1.572	0
1.573	0
1.574	0
1.575	0
1.576	0
1.577	0
1.578	0
1.579	0
1.58	0
1.581	0
1.582	0
1.583	0
1.584	0
1.585	0
1.586	0
1.587	0
1.588	0
1.589	0
1.59	0
1.591	0
1.592	0
1.593	0
1.594	0
1.595	0
1.596	0
1.597	0
1.598	0
1.599	0
1.6	0
1.601	0
1.602	0
1.603	0
1.604	0
1.605	0
1.606	0
1.607	0
1.608	0
1.609	0
1.61	0
1.611	0
1.612	0
1.613	0
1.614	0
1.615	0
1.616	0
1.617	0
1.618	0
1.619	0
1.62	0
1.621	0
1.622	0
1.623	0
1.624	0
1.625	0
1.626	0
1.627	0
1.628	0
1.629	0
1.63	0
1.631	0
1.632	0
1.633	0
1.634	0
1.635	0
1.636	0
1.637	0
1.638	0
1.639	0
1.64	0
1.641	0
1.642	0
1.643	0
1.644	0
1.645	0
1.646	0
1.647	0
1.648	0
1.649	0
1.65	0
1.651	0
1.652	0
1.653	0
1.654	0
1.655	0
1.656	0
1.657	0
1.658	0
1.659	0
1.66	0
1.661	0
1.662	0
1.663	0
1.664	0
1.665	0
1.666	0
1.667	0
1.668	0
1.669	0
1.67	0
1.671	0
1.672	0
1.673	0
1.674	0
1.675	0
1.676	0
1.677	0
1.678	0
1.679	0
1.68	0
1.681	0
1.682	0
1.683	0
1.684	0
1.685	0
1.686	0
1.687	0
1.688	0
1.689	0
1.69	0
1.691	0
1.692	0
1.693	0
1.694	0
1.695	0
1.696	0
1.697	0
1.698	0
1.699	0
1.7	0
1.701	0
1.702	0
1.703	0
1.704	0
1.705	0
1.706	0
1.707	0
1.708	0
1.709	0
1.71	0
1.711	0
1.712	0
1.713	0
1.714	0
1.715	0
1.716	0
1.717	0
1.718	0
1.719	0
1.72	0
1.721	0
1.722	0
1.723	0
1.724	0
1.725	0
1.726	0
1.727	0
1.728	0
1.729	0
1.73	0
1.731	0
1.732	0
1.733	0
1.734	0
1.735	0
1.736	0
1.737	0
1.738	0
1.739	0
1.74	0
1.741	0
1.742	0
1.743	0
1.744	0
1.745	0
1.746	0
1.747	0
1.748	0
1.749	0
1.75	0
1.751	0
1.752	0
1.753	0
1.754	0
1.755	0
1.756	0
1.757	0
1.758	0
1.759	0
1.76	0
1.761	0
1.762	0
1.763	0
1.764	0
1.765	0
1.766	0
1.767	0
1.768	0
1.769	0
1.77	0
1.771	0
1.772	0
1.773	0
1.774	0
1.775	0
1.776	0
1.777	0
1.778	0
1.779	0
1.78	0
1.781	0
1.782	0
1.783	0
1.784	0
1.785	0
1.786	0
1.787	0
1.788	0
1.789	0
1.79	0
1.791	0
1.792	0
1.793	0
1.794	0
1.795	0
1.796	0
1.797	0
1.798	0
1.799	0
1.8	0
1.801	0
1.802	0
1.803	0
1.804	0
1.805	0
1.806	0
1.807	0
1.808	0
1.809	0
1.81	0
1.811	0
1.812	0
1.813	0
1.814	0
1.815	0
1.816	0
1.817	0
1.818	0
1.819	0
1.82	0
1.821	0
1.822	0
1.823	0
1.824	0
1.825	0
1.826	0
1.827	0
1.828	0
1.829	0
1.83	0
1.831	0
1.832	0
1.833	0
1.834	0
1.835	0
1.836	0
1.837	0
1.838	0
1.839	0
1.84	0
1.841	0
1.842	0
1.843	0
1.844	0
1.845	0
1.846	0
1.847	0
1.848	0
1.849	0
1.85	0
1.851	0
1.852	0
1.853	0
1.854	0
1.855	0
1.856	0
1.857	0
1.858	0
1.859	0
1.86	0
1.861	0
1.862	0
1.863	0
1.864	0
1.865	0
1.866	0
1.867	0
1.868	0
1.869	0
1.87	0
1.871	0
1.872	0
1.873	0
1.874	0
1.875	0
1.876	0
1.877	0
1.878	0
1.879	0
1.88	0
1.881	0
1.882	0
1.883	0
1.884	0
1.885	0
1.886	0
1.887	0
1.888	0
1.889	0
1.89	0
1.891	0
1.892	0
1.893	0
1.894	0
1.895	0
1.896	0
1.897	0
1.898	0
1.899	0
1.9	0
1.901	0
1.902	0
1.903	0
1.904	0
1.905	0
1.906	0
1.907	0
1.908	0
1.909	0
1.91	0
1.911	0
1.912	0
1.913	0
1.914	0
1.915	0
1.916	0
1.917	0
1.918	0
1.919	0
1.92	0
1.921	0
1.922	0
1.923	0
1.924	0
1.925	0
1.926	0
1.927	0
1.928	0
1.929	0
1.93	0
1.931	0
1.932	0
1.933	0
1.934	0
1.935	0
1.936	0
1.937	0
1.938	0
1.939	0
1.94	0
1.941	0
1.942	0
1.943	0
1.944	0
1.945	0
1.946	0
1.947	0
1.948	0
1.949	0
1.95	0
1.951	0
1.952	0
1.953	0
1.954	0
1.955	0
1.956	0
1.957	0
1.958	0
1.959	0
1.96	0
1.961	0
1.962	0
1.963	0
1.964	0
1.965	0
1.966	0
1.967	0
1.968	0
1.969	0
1.97	0
1.971	0
1.972	0
1.973	0
1.974	0
1.975	0
1.976	0
1.977	0
1.978	0
1.979	0
1.98	0
1.981	0
1.982	0
1.983	0
1.984	0
1.985	0
1.986	0
1.987	0
1.988	0
1.989	0
1.99	0
1.991	0
1.992	0
1.993	0
1.994	0
1.995	0
1.996	0
1.997	0
1.998	0
1.999	0
