0	0.7789
0.001	0.7771
0.002	0.7753
0.003	0.7735
0.004	0.7716
0.005	0.7698
0.006	0.768
0.007	0.7662
0.008	0.7643
0.009	0.7625
0.01	0.7607
0.011	0.7589
0.012	0.7571
0.013	0.7553
0.014	0.7535
0.015	0.7517
0.016	0.7499
0.017	0.7481
0.018	0.7463
0.019	0.7445
0.02	0.7427
0.021	0.7409
0.022	0.7391
0.023	0.7374
0.024	0.7356
0.025	0.7338
0.026	0.732
0.027	0.7302
0.028	0.7285
0.029	0.7267
0.03	0.7249
0.031	0.7232
0.032	0.7214
0.033	0.7196
0.034	0.7179
0.035	0.7161
0.036	0.7144
0.037	0.7126
0.038	0.7109
0.039	0.7091
0.04	0.7074
0.041	0.7056
0.042	0.7039
0.043	0.7021
0.044	0.7004
0.045	0.6987
0.046	0.6969
0.047	0.6952
0.048	0.6935
0.049	0.6917
0.05	0.69
0.051	0.6883
0.052	0.6866
0.053	0.6848
0.054	0.6831
0.055	0.6814
0.056	0.6797
0.057	0.678
0.058	0.6763
0.059	0.6746
0.06	0.6729
0.061	0.6712
0.062	0.6695
0.063	0.6678
0.064	0.6661
0.065	0.6644
0.066	0.6627
0.067	0.661
0.068	0.6593
0.069	0.6576
0.07	0.6559
0.071	0.6542
0.072	0.6526
0.073	0.6509
0.074	0.6492
0.075	0.6475
0.076	0.6459
0.077	0.6442
0.078	0.6425
0.079	0.6409
0.08	0.6392
0.081	0.6376
0.082	0.6359
0.083	0.6342
0.084	0.6326
0.085	0.6309
0.086	0.6293
0.087	0.6276
0.088	0.626
0.089	0.6244
0.09	0.6227
0.091	0.6211
0.092	0.6195
0.093	0.6178
0.094	0.6162
0.095	0.6146
0.096	0.6129
0.097	0.6113
0.098	0.6097
0.099	0.6081
0.1	0.6064
0.101	0.6048
0.102	0.6032
0.103	0.6016
0.104	0.6
0.105	0.5984
0.106	0.5968
0.107	0.5952
0.108	0.5936
0.109	0.592
0.11	0.5904
0.111	0.5888
0.112	0.5872
0.113	0.5856
0.114	0.584
0.115	0.5824
0.116	0.5808
0.117	0.5793
0.118	0.5777
0.119	0.5761
0.12	0.5745
0.121	0.573
0.122	0.5714
0.123	0.5698
0.124	0.5683
0.125	0.5667
0.126	0.5651
0.127	0.5636
0.128	0.562
0.129	0.5604
0.13	0.5589
0.131	0.5573
0.132	0.5558
0.133	0.5542
0.134	0.5527
0.135	0.5512
0.136	0.5496
0.137	0.5481
0.138	0.5465
0.139	0.545
0.14	0.5435
0.141	0.5419
0.142	0.5404
0.143	0.5389
0.144	0.5374
0.145	0.5358
0.146	0.5343
0.147	0.5328
0.148	0.5313
0.149	0.5298
0.15	0.5283
0.151	0.5268
0.152	0.5253
0.153	0.5238
0.154	0.5223
0.155	0.5208
0.156	0.5193
0.157	0.5178
0.158	0.5163
0.159	0.5148
0.16	0.5133
0.161	0.5118
0.162	0.5103
0.163	0.5088
0.164	0.5074
0.165	0.5059
0.166	0.5044
0.167	0.5029
0.168	0.5015
0.169	0.5
0.17	0.4985
0.171	0.4971
0.172	0.4956
0.173	0.4941
0.174	0.4927
0.175	0.4912
0.176	0.4898
0.177	0.4883
0.178	0.4869
0.179	0.4854
0.18	0.484
0.181	0.4825
0.182	0.4811
0.183	0.4796
0.184	0.4782
0.185	0.4768
0.186	0.4753
0.187	0.4739
0.188	0.4725
0.189	0.471
0.19	0.4696
0.191	0.4682
0.192	0.4668
0.193	0.4654
0.194	0.4639
0.195	0.4625
0.196	0.4611
0.197	0.4597
0.198	0.4583
0.199	0.4569
0.2	0.4555
0.201	0.4541
0.202	0.4527
0.203	0.4513
0.204	0.4499
0.205	0.4485
0.206	0.4471
0.207	0.4457
0.208	0.4444
0.209	0.443
0.21	0.4416
0.211	0.4402
0.212	0.4388
0.213	0.4375
0.214	0.4361
0.215	0.4347
0.216	0.4333
0.217	0.432
0.218	0.4306
0.219	0.4293
0.22	0.4279
0.221	0.4265
0.222	0.4252
0.223	0.4238
0.224	0.4225
0.225	0.4211
0.226	0.4198
0.227	0.4184
0.228	0.4171
0.229	0.4158
0.23	0.4144
0.231	0.4131
0.232	0.4117
0.233	0.4104
0.234	0.4091
0.235	0.4078
0.236	0.4064
0.237	0.4051
0.238	0.4038
0.239	0.4025
0.24	0.4011
0.241	0.3998
0.242	0.3985
0.243	0.3972
0.244	0.3959
0.245	0.3946
0.246	0.3933
0.247	0.392
0.248	0.3907
0.249	0.3894
0.25	0.3881
0.251	0.3868
0.252	0.3855
0.253	0.3842
0.254	0.3829
0.255	0.3817
0.256	0.3804
0.257	0.3791
0.258	0.3778
0.259	0.3765
0.26	0.3753
0.261	0.374
0.262	0.3727
0.263	0.3715
0.264	0.3702
0.265	0.3689
0.266	0.3677
0.267	0.3664
0.268	0.3652
0.269	0.3639
0.27	0.3627
0.271	0.3614
0.272	0.3602
0.273	0.3589
0.274	0.3577
0.275	0.3564
0.276	0.3552
0.277	0.3539
0.278	0.3527
0.279	0.3515
0.28	0.3503
0.281	0.349
0.282	0.3478
0.283	0.3466
0.284	0.3454
0.285	0.3441
0.286	0.3429
0.287	0.3417
0.288	0.3405
0.289	0.3393
0.29	0.3381
0.291	0.3369
0.292	0.3357
0.293	0.3345
0.294	0.3333
0.295	0.3321
0.296	0.3309
0.297	0.3297
0.298	0.3285
0.299	0.3273
0.3	0.3261
0.301	0.3249
0.302	0.3237
0.303	0.3225
0.304	0.3214
0.305	0.3202
0.306	0.319
0.307	0.3178
0.308	0.3167
0.309	0.3155
0.31	0.3143
0.311	0.3132
0.312	0.312
0.313	0.3109
0.314	0.3097
0.315	0.3085
0.316	0.3074
0.317	0.3062
0.318	0.3051
0.319	0.3039
0.32	0.3028
0.321	0.3017
0.322	0.3005
0.323	0.2994
0.324	0.2982
0.325	0.2971
0.326	0.296
0.327	0.2949
0.328	0.2937
0.329	0.2926
0.33	0.2915
0.331	0.2904
0.332	0.2892
0.333	0.2881
0.334	0.287
0.335	0.2859
0.336	0.2848
0.337	0.2837
0.338	0.2826
0.339	0.2815
0.34	0.2804
0.341	0.2793
0.342	0.2782
0.343	0.2771
0.344	0.276
0.345	0.2749
0.346	0.2738
0.347	0.2727
0.348	0.2716
0.349	0.2706
0.35	0.2695
0.351	0.2684
0.352	0.2673
0.353	0.2663
0.354	0.2652
0.355	0.2641
0.356	0.263
0.357	0.262
0.358	0.2609
0.359	0.2599
0.36	0.2588
0.361	0.2577
0.362	0.2567
0.363	0.2556
0.364	0.2546
0.365	0.2535
0.366	0.2525
0.367	0.2515
0.368	0.2504
0.369	0.2494
0.37	0.2483
0.371	0.2473
0.372	0.2463
0.373	0.2452
0.374	0.2442
0.375	0.2432
0.376	0.2422
0.377	0.2411
0.378	0.2401
0.379	0.2391
0.38	0.2381
0.381	0.2371
0.382	0.2361
0.383	0.2351
0.384	0.2341
0.385	0.233
0.386	0.232
0.387	0.231
0.388	0.23
0.389	0.2291
0.39	0.2281
0.391	0.2271
0.392	0.2261
0.393	0.2251
0.394	0.2241
0.395	0.2231
0.396	0.2221
0.397	0.2212
0.398	0.2202
0.399	0.2192
0.4	0.2182
0.401	0.2173
0.402	0.2163
0.403	0.2153
0.404	0.2144
0.405	0.2134
0.406	0.2125
0.407	0.2115
0.408	0.2105
0.409	0.2096
0.41	0.2086
0.411	0.2077
0.412	0.2068
0.413	0.2058
0.414	0.2049
0.415	0.2039
0.416	0.203
0.417	0.2021
0.418	0.2011
0.419	0.2002
0.42	0.1993
0.421	0.1983
0.422	0.1974
0.423	0.1965
0.424	0.1956
0.425	0.1946
0.426	0.1937
0.427	0.1928
0.428	0.1919
0.429	0.191
0.43	0.1901
0.431	0.1892
0.432	0.1883
0.433	0.1874
0.434	0.1865
0.435	0.1856
0.436	0.1847
0.437	0.1838
0.438	0.1829
0.439	0.182
0.44	0.1811
0.441	0.1803
0.442	0.1794
0.443	0.1785
0.444	0.1776
0.445	0.1767
0.446	0.1759
0.447	0.175
0.448	0.1741
0.449	0.1733
0.45	0.1724
0.451	0.1715
0.452	0.1707
0.453	0.1698
0.454	0.169
0.455	0.1681
0.456	0.1673
0.457	0.1664
0.458	0.1656
0.459	0.1647
0.46	0.1639
0.461	0.163
0.462	0.1622
0.463	0.1614
0.464	0.1605
0.465	0.1597
0.466	0.1589
0.467	0.158
0.468	0.1572
0.469	0.1564
0.47	0.1556
0.471	0.1548
0.472	0.1539
0.473	0.1531
0.474	0.1523
0.475	0.1515
0.476	0.1507
0.477	0.1499
0.478	0.1491
0.479	0.1483
0.48	0.1475
0.481	0.1467
0.482	0.1459
0.483	0.1451
0.484	0.1443
0.485	0.1435
0.486	0.1427
0.487	0.1419
0.488	0.1412
0.489	0.1404
0.49	0.1396
0.491	0.1388
0.492	0.1381
0.493	0.1373
0.494	0.1365
0.495	0.1357
0.496	0.135
0.497	0.1342
0.498	0.1335
0.499	0.1327
0.5	0.1319
0.501	0.1312
0.502	0.1304
0.503	0.1297
0.504	0.1289
0.505	0.1282
0.506	0.1275
0.507	0.1267
0.508	0.126
0.509	0.1252
0.51	0.1245
0.511	0.1238
0.512	0.123
0.513	0.1223
0.514	0.1216
0.515	0.1209
0.516	0.1201
0.517	0.1194
0.518	0.1187
0.519	0.118
0.52	0.1173
0.521	0.1166
0.522	0.1158
0.523	0.1151
0.524	0.1144
0.525	0.1137
0.526	0.113
0.527	0.1123
0.528	0.1116
0.529	0.1109
0.53	0.1103
0.531	0.1096
0.532	0.1089
0.533	0.1082
0.534	0.1075
0.535	0.1068
0.536	0.1061
0.537	0.1055
0.538	0.1048
0.539	0.1041
0.54	0.1035
0.541	0.1028
0.542	0.1021
0.543	0.1015
0.544	0.1008
0.545	0.1001
0.546	0.09948
0.547	0.09883
0.548	0.09817
0.549	0.09752
0.55	0.09687
0.551	0.09623
0.552	0.09558
0.553	0.09494
0.554	0.0943
0.555	0.09366
0.556	0.09303
0.557	0.09239
0.558	0.09176
0.559	0.09113
0.56	0.09051
0.561	0.08988
0.562	0.08926
0.563	0.08864
0.564	0.08802
0.565	0.0874
0.566	0.08679
0.567	0.08618
0.568	0.08557
0.569	0.08496
0.57	0.08435
0.571	0.08375
0.572	0.08315
0.573	0.08255
0.574	0.08195
0.575	0.08136
0.576	0.08077
0.577	0.08017
0.578	0.07959
0.579	0.079
0.58	0.07842
0.581	0.07783
0.582	0.07726
0.583	0.07668
0.584	0.0761
0.585	0.07553
0.586	0.07496
0.587	0.07439
0.588	0.07382
0.589	0.07326
0.59	0.0727
0.591	0.07214
0.592	0.07158
0.593	0.07102
0.594	0.07047
0.595	0.06992
0.596	0.06937
0.597	0.06882
0.598	0.06827
0.599	0.06773
0.6	0.06719
0.601	0.06665
0.602	0.06611
0.603	0.06558
0.604	0.06505
0.605	0.06452
0.606	0.06399
0.607	0.06346
0.608	0.06294
0.609	0.06242
0.61	0.0619
0.611	0.06138
0.612	0.06087
0.613	0.06035
0.614	0.05984
0.615	0.05934
0.616	0.05883
0.617	0.05832
0.618	0.05782
0.619	0.05732
0.62	0.05683
0.621	0.05633
0.622	0.05584
0.623	0.05534
0.624	0.05486
0.625	0.05437
0.626	0.05388
0.627	0.0534
0.628	0.05292
0.629	0.05244
0.63	0.05197
0.631	0.05149
0.632	0.05102
0.633	0.05055
0.634	0.05008
0.635	0.04962
0.636	0.04915
0.637	0.04869
0.638	0.04823
0.639	0.04778
0.64	0.04732
0.641	0.04687
0.642	0.04642
0.643	0.04597
0.644	0.04553
0.645	0.04508
0.646	0.04464
0.647	0.0442
0.648	0.04376
0.649	0.04333
0.65	0.04289
0.651	0.04246
0.652	0.04203
0.653	0.04161
0.654	0.04118
0.655	0.04076
0.656	0.04034
0.657	0.03992
0.658	0.03951
0.659	0.03909
0.66	0.03868
0.661	0.03827
0.662	0.03786
0.663	0.03746
0.664	0.03706
0.665	0.03666
0.666	0.03626
0.667	0.03586
0.668	0.03547
0.669	0.03507
0.67	0.03468
0.671	0.0343
0.672	0.03391
0.673	0.03353
0.674	0.03315
0.675	0.03277
0.676	0.03239
0.677	0.03201
0.678	0.03164
0.679	0.03127
0.68	0.0309
0.681	0.03054
0.682	0.03017
0.683	0.02981
0.684	0.02945
0.685	0.02909
0.686	0.02874
0.687	0.02838
0.688	0.02803
0.689	0.02768
0.69	0.02734
0.691	0.02699
0.692	0.02665
0.693	0.02631
0.694	0.02597
0.695	0.02563
0.696	0.0253
0.697	0.02497
0.698	0.02464
0.699	0.02431
0.7	0.02399
0.701	0.02366
0.702	0.02334
0.703	0.02302
0.704	0.02271
0.705	0.02239
0.706	0.02208
0.707	0.02177
0.708	0.02146
0.709	0.02115
0.71	0.02085
0.711	0.02055
0.712	0.02025
0.713	0.01995
0.714	0.01966
0.715	0.01936
0.716	0.01907
0.717	0.01878
0.718	0.0185
0.719	0.01821
0.72	0.01793
0.721	0.01765
0.722	0.01737
0.723	0.0171
0.724	0.01682
0.725	0.01655
0.726	0.01628
0.727	0.01602
0.728	0.01575
0.729	0.01549
0.73	0.01523
0.731	0.01497
0.732	0.01471
0.733	0.01446
0.734	0.01421
0.735	0.01396
0.736	0.01371
0.737	0.01346
0.738	0.01322
0.739	0.01298
0.74	0.01274
0.741	0.0125
0.742	0.01227
0.743	0.01203
0.744	0.0118
0.745	0.01157
0.746	0.01135
0.747	0.01112
0.748	0.0109
0.749	0.01068
0.75	0.01046
0.751	0.01025
0.752	0.01004
0.753	0.009824
0.754	0.009615
0.755	0.009409
0.756	0.009204
0.757	0.009001
0.758	0.008801
0.759	0.008603
0.76	0.008407
0.761	0.008213
0.762	0.008021
0.763	0.007831
0.764	0.007644
0.765	0.007458
0.766	0.007275
0.767	0.007094
0.768	0.006915
0.769	0.006739
0.77	0.006564
0.771	0.006392
0.772	0.006222
0.773	0.006054
0.774	0.005888
0.775	0.005724
0.776	0.005562
0.777	0.005403
0.778	0.005246
0.779	0.00509
0.78	0.004937
0.781	0.004787
0.782	0.004638
0.783	0.004491
0.784	0.004347
0.785	0.004205
0.786	0.004065
0.787	0.003927
0.788	0.003791
0.789	0.003658
0.79	0.003526
0.791	0.003397
0.792	0.00327
0.793	0.003145
0.794	0.003022
0.795	0.002901
0.796	0.002783
0.797	0.002666
0.798	0.002552
0.799	0.00244
0.8	0.00233
0.801	0.002222
0.802	0.002117
0.803	0.002013
0.804	0.001912
0.805	0.001813
0.806	0.001716
0.807	0.001621
0.808	0.001529
0.809	0.001438
0.81	0.00135
0.811	0.001264
0.812	0.00118
0.813	0.001098
0.814	0.001018
0.815	0.0009405
0.816	0.0008651
0.817	0.0007918
0.818	0.0007207
0.819	0.0006518
0.82	0.000585
0.821	0.0005204
0.822	0.0004579
0.823	0.0003976
0.824	0.0003394
0.825	0.0002834
0.826	0.0002295
0.827	0.0001778
0.828	0.0001283
0.829	8.086e-05
0.83	3.562e-05
0.831	-7.468e-06
0.832	-4.84e-05
0.833	-8.718e-05
0.834	-0.0001238
0.835	-0.0001583
0.836	-0.0001906
0.837	-0.0002207
0.838	-0.0002487
0.839	-0.0002746
0.84	-0.0002983
0.841	-0.0003198
0.842	-0.0003392
0.843	-0.0003564
0.844	-0.0003715
0.845	-0.0003844
0.846	-0.0003952
0.847	-0.0004038
0.848	-0.0004102
0.849	-0.0004145
0.85	-0.0004167
0.851	-0.0004167
0.852	-0.0004145
0.853	-0.0004102
0.854	-0.0004037
0.855	-0.0003951
0.856	-0.0003843
0.857	-0.0003713
0.858	-0.0003563
0.859	-0.000339
0.86	-0.0003196
0.861	-0.000298
0.862	-0.0002743
0.863	-0.0002485
0.864	-0.0002204
0.865	-0.0001902
0.866	-0.0001579
0.867	-0.0001234
0.868	-8.678e-05
0.869	-4.798e-05
0.87	-7.027e-06
0.871	3.608e-05
0.872	8.135e-05
0.873	0.0001288
0.874	0.0001783
0.875	0.0002301
0.876	0.0002839
0.877	0.00034
0.878	0.0003982
0.879	0.0004585
0.88	0.000521
0.881	0.0005857
0.882	0.0006525
0.883	0.0007215
0.884	0.0007926
0.885	0.0008659
0.886	0.0009413
0.887	0.001019
0.888	0.001099
0.889	0.001181
0.89	0.001265
0.891	0.001351
0.892	0.001439
0.893	0.00153
0.894	0.001622
0.895	0.001717
0.896	0.001814
0.897	0.001913
0.898	0.002015
0.899	0.002118
0.9	0.002224
0.901	0.002331
0.902	0.002441
0.903	0.002553
0.904	0.002668
0.905	0.002784
0.906	0.002902
0.907	0.003023
0.908	0.003146
0.909	0.003271
0.91	0.003398
0.911	0.003527
0.912	0.003659
0.913	0.003793
0.914	0.003928
0.915	0.004066
0.916	0.004206
0.917	0.004349
0.918	0.004493
0.919	0.004639
0.92	0.004788
0.921	0.004939
0.922	0.005092
0.923	0.005247
0.924	0.005404
0.925	0.005564
0.9257	0.005434
0.9267	0.005626
0.9277	0.005819
0.9287	0.006013
0.9297	0.006209
0.9307	0.006406
0.9317	0.006605
0.9327	0.006805
0.9337	0.007006
0.9347	0.007209
0.9357	0.007413
0.9367	0.007619
0.9377	0.007826
0.9387	0.008034
0.9397	0.008244
0.9407	0.008455
0.9417	0.008668
0.9427	0.008882
0.9437	0.009097
0.9447	0.009314
0.9457	0.009533
0.9467	0.009752
0.9477	0.009973
0.9484	0.01123
0.9494	0.01187
0.9504	0.01246
0.9514	0.01301
0.9524	0.01352
0.9534	0.01398
0.9544	0.01439
0.9554	0.01477
0.9564	0.01509
0.9574	0.01538
0.9584	0.01561
0.9594	0.01581
0.9604	0.01596
0.9614	0.01606
0.9624	0.01612
0.9634	0.01613
0.9644	0.01611
0.9648	0.0178
0.9658	0.01932
0.9668	0.02068
0.9678	0.02187
0.9688	0.02289
0.9698	0.02375
0.9708	0.02445
0.9718	0.02498
0.9728	0.02534
0.9738	0.02554
0.9748	0.02557
0.9758	0.02543
0.9768	0.02513
0.9778	0.02467
0.9788	0.02404
0.979	0.02479
0.98	0.02717
0.981	0.02935
0.982	0.03133
0.983	0.03311
0.984	0.03469
0.985	0.03608
0.986	0.03726
0.987	0.03824
0.988	0.03902
0.989	0.0396
0.99	0.03998
0.991	0.04017
0.992	0.04015
0.9921	0.03732
0.9931	0.04033
0.9941	0.04303
0.9951	0.0454
0.9961	0.04746
0.9971	0.04919
0.9981	0.0506
0.9991	0.05169
1	0.05246
1.001	0.0529
1.002	0.05303
1.003	0.05283
1.004	0.05231
1.005	0.0581
1.006	0.05894
1.007	0.05998
1.008	0.06123
1.009	0.06268
1.01	0.06433
1.011	0.06619
1.012	0.06826
1.013	0.07053
1.014	0.073
1.015	0.07567
1.016	0.07856
1.017	0.08164
1.018	0.08493
1.018	0.08386
1.019	0.08333
1.02	0.08317
1.021	0.08338
1.022	0.08396
1.023	0.08491
1.024	0.08624
1.025	0.08793
1.026	0.09
1.027	0.09244
1.028	0.09525
1.029	0.09843
1.03	0.102
1.031	0.1059
1.032	0.1102
1.033	0.1237
1.034	0.1224
1.035	0.1216
1.036	0.1213
1.037	0.1216
1.038	0.1223
1.039	0.1236
1.04	0.1254
1.041	0.1277
1.042	0.1305
1.043	0.1339
1.044	0.1377
1.045	0.1421
1.046	0.147
1.047	0.1524
1.048	0.1583
1.049	0.1648
1.05	0.1717
1.051	0.159
1.052	0.1635
1.053	0.1679
1.054	0.1722
1.055	0.1763
1.056	0.1802
1.057	0.184
1.058	0.1876
1.059	0.191
1.06	0.1943
1.061	0.1975
1.062	0.2005
1.063	0.2033
1.064	0.206
1.065	0.2085
1.066	0.2109
1.067	0.2131
1.068	0.2151
1.069	0.217
1.07	0.2187
1.071	0.2203
1.072	0.2217
1.073	0.223
1.074	0.2241
1.075	0.225
1.076	0.2258
1.077	0.2457
1.078	0.2505
1.079	0.2554
1.08	0.2603
1.081	0.2653
1.082	0.2702
1.083	0.2752
1.084	0.2802
1.085	0.2853
1.086	0.2903
1.087	0.2954
1.088	0.3005
1.089	0.3057
1.09	0.3108
1.091	0.316
1.092	0.3212
1.093	0.3265
1.094	0.3317
1.095	0.337
1.096	0.3423
1.097	0.3476
1.098	0.353
1.099	0.3584
1.1	0.3638
1.101	0.3692
1.102	0.3747
1.103	0.3801
1.104	0.3857
1.105	0.3912
1.106	0.3967
1.107	0.4023
1.108	0.4079
1.109	0.4135
1.11	0.4192
1.111	0.4249
1.112	0.4306
1.113	0.4363
1.114	0.442
1.115	0.4478
1.116	0.4536
1.117	0.4594
1.118	0.4653
1.119	0.4712
1.12	0.4771
1.121	0.483
1.122	0.4889
1.123	0.4949
1.124	0.5009
1.125	0.5069
1.126	0.513
1.127	0.519
1.128	0.5251
1.129	0.5312
1.13	0.5374
1.131	0.5435
1.132	0.5497
1.133	0.5559
1.134	0.5622
1.135	0.5685
1.136	0.5747
1.137	0.5811
1.138	0.5874
1.139	0.5938
1.14	0.6001
1.141	0.6066
1.142	0.613
1.143	0.6195
1.144	0.6259
1.145	0.6325
1.146	0.639
1.147	0.6456
1.148	0.6521
1.149	0.6587
1.15	0.6654
1.151	0.672
1.152	0.6787
1.153	0.6854
1.154	0.6922
1.155	0.6989
1.156	0.7057
1.157	0.7125
1.158	0.7193
1.159	0.7262
1.16	0.7331
1.161	0.74
1.162	0.7469
1.163	0.7538
1.164	0.7608
1.165	0.7678
1.166	0.7749
1.167	0.7819
1.168	0.789
1.169	0.7961
1.17	0.8032
1.171	0.8103
1.172	0.8175
1.173	0.8247
1.174	0.8319
1.175	0.8392
1.176	0.8465
1.177	0.8538
1.178	0.8611
1.179	0.8684
1.18	0.8758
1.181	0.8832
1.182	0.8906
1.183	0.8981
1.184	0.9055
1.185	0.913
1.186	0.9205
1.187	0.9281
1.188	0.9356
1.189	0.9432
1.19	0.9508
1.191	0.9585
1.192	0.9661
1.193	0.9738
1.194	0.9816
1.195	0.9893
1.196	0.9971
1.197	1.005
1.198	1.013
1.199	1.02
1.2	1.028
1.201	1.036
1.202	1.044
1.203	1.052
1.204	1.06
1.205	1.068
1.206	1.076
1.207	1.084
1.208	1.092
1.209	1.1
1.21	1.108
1.211	1.116
1.212	1.125
1.213	1.133
1.214	1.141
1.215	1.149
1.216	1.157
1.217	1.166
1.218	1.174
1.219	1.182
1.22	1.191
1.221	1.199
1.222	1.207
1.223	1.216
1.224	1.224
1.225	1.233
1.226	1.241
1.227	1.25
1.228	1.258
1.229	1.267
1.23	1.276
1.231	1.284
1.232	1.293
1.233	1.302
1.234	1.31
1.235	1.319
1.236	1.328
1.237	1.336
1.238	1.345
1.239	1.354
1.24	1.363
1.241	1.372
1.242	1.381
1.243	1.39
1.244	1.399
1.245	1.407
1.246	1.416
1.247	1.426
1.248	1.435
1.249	1.444
1.25	1.453
1.251	1.462
1.252	1.471
1.253	1.48
1.254	1.489
1.255	1.499
1.256	1.508
1.257	1.517
1.258	1.526
1.259	1.536
1.26	1.545
1.261	1.554
1.262	1.564
1.263	1.573
1.264	1.583
1.265	1.592
1.266	1.601
1.267	1.611
1.268	1.62
1.269	1.63
1.27	1.64
1.271	1.649
1.272	1.659
1.273	1.669
1.274	1.678
1.275	1.688
1.276	1.698
1.277	1.707
1.278	1.717
1.279	1.727
1.28	1.737
1.281	1.747
1.282	1.756
1.283	1.766
1.284	1.776
1.285	1.786
1.286	1.796
1.287	1.806
1.288	1.816
1.289	1.826
1.29	1.836
1.291	1.846
1.292	1.857
1.293	1.867
1.294	1.877
1.295	1.887
1.296	1.897
1.297	1.908
1.298	1.918
1.299	1.928
1.3	1.938
1.301	1.949
1.302	1.959
1.303	1.97
1.304	1.98
1.305	1.99
1.306	2.001
1.307	2.011
1.308	2.022
1.309	2.032
1.31	2.043
1.311	2.054
1.312	2.064
1.313	2.075
1.314	2.085
1.315	2.096
1.316	2.107
1.317	2.118
1.318	2.128
1.319	2.139
1.32	2.15
1.321	2.161
1.322	2.172
1.323	2.182
1.324	2.193
1.325	2.204
1.326	2.215
1.327	2.226
1.328	2.237
1.329	2.248
1.33	2.259
1.331	2.27
1.332	2.281
1.333	2.293
1.334	2.304
1.335	2.315
1.336	2.326
1.337	2.337
1.338	2.349
1.339	2.36
1.34	2.371
1.341	2.383
1.342	2.394
1.343	2.405
1.344	2.417
1.345	2.428
1.346	2.439
1.347	2.451
1.348	2.462
1.349	2.474
1.35	2.486
1.351	2.497
1.352	2.509
1.353	2.52
1.354	2.532
1.355	2.544
1.356	2.555
1.357	2.567
1.358	2.579
1.359	2.591
1.36	2.602
1.361	2.614
1.362	2.626
1.363	2.638
1.364	2.65
1.365	2.662
1.366	2.674
1.367	2.686
1.368	2.697
1.369	2.71
1.37	2.722
1.371	2.734
1.372	2.746
1.373	2.758
1.374	2.77
1.375	2.782
1.376	2.794
1.377	2.806
1.378	2.819
1.379	2.831
1.38	2.843
1.381	2.856
1.382	2.868
1.383	2.88
1.384	2.893
1.385	2.905
1.386	2.917
1.387	2.93
1.388	2.942
1.389	2.955
1.39	2.967
1.391	2.98
1.392	2.993
1.393	3.005
1.394	3.018
1.395	3.03
1.396	3.043
1.397	3.056
1.398	3.068
1.399	3.081
1.4	3.094
1.401	3.107
1.402	3.12
1.403	3.132
1.404	3.145
1.405	3.158
1.406	3.171
1.407	3.184
1.408	3.197
1.409	3.21
1.41	3.223
1.411	3.236
1.412	3.249
1.413	3.262
1.414	3.275
1.415	3.289
1.416	3.302
1.417	3.315
1.418	3.328
1.419	3.341
1.42	3.355
1.421	3.368
1.422	3.381
1.423	3.395
1.424	3.408
1.425	3.421
1.426	3.435
1.427	3.448
1.428	3.462
1.429	3.475
1.43	3.489
1.431	3.502
1.432	3.516
1.433	3.529
1.434	3.543
1.435	3.556
1.436	3.57
1.437	3.584
1.438	3.597
1.439	3.611
1.44	3.625
1.441	3.639
1.442	3.653
1.443	3.666
1.444	3.68
1.445	3.694
1.446	3.708
1.447	3.722
1.448	3.736
1.449	3.75
1.45	3.764
1.451	3.778
1.452	3.792
1.453	3.806
1.454	3.82
1.455	3.834
1.456	3.848
1.457	3.863
1.458	3.877
1.459	3.891
1.46	3.905
1.461	3.919
1.462	3.934
1.463	3.948
1.464	3.962
1.465	3.977
1.466	3.991
1.467	4.006
1.468	4.02
1.469	4.034
1.47	4.049
1.471	4.063
1.472	4.078
1.473	4.093
1.474	4.107
1.475	4.122
1.476	4.136
1.477	4.151
1.478	4.166
1.479	4.18
1.48	4.195
1.481	4.21
1.482	4.225
1.483	4.24
1.484	4.254
1.485	4.269
1.486	4.284
1.487	4.299
1.488	4.314
1.489	4.329
1.49	4.344
1.491	4.359
1.492	4.374
1.493	4.389
1.494	4.404
1.495	4.419
1.496	4.434
1.497	4.449
1.498	4.465
1.499	4.48
1.5	4.495
1.501	4.51
1.502	4.526
1.503	4.541
1.504	4.556
1.505	4.572
1.506	4.587
1.507	4.602
1.508	4.618
1.509	4.633
1.51	4.649
1.511	4.664
1.512	4.68
1.513	4.695
1.514	4.711
1.515	4.726
1.516	4.742
1.517	4.758
1.518	4.773
1.519	4.789
1.52	4.805
1.521	4.82
1.522	4.836
1.523	4.852
1.524	4.868
1.525	4.884
1.526	4.9
1.527	4.915
1.528	4.931
1.529	4.947
1.53	4.963
1.531	4.979
1.532	4.995
1.533	5.011
1.534	5.027
1.535	5.043
1.536	5.06
1.537	5.076
1.538	5.092
1.539	5.108
1.54	5.124
1.541	5.14
1.542	5.157
1.543	5.173
1.544	5.189
1.545	5.206
1.546	5.222
1.547	5.238
1.548	5.255
1.549	5.271
1.55	5.288
1.551	5.304
1.552	5.321
1.553	5.337
1.554	5.354
1.555	5.37
1.556	5.387
1.557	5.404
1.558	5.42
1.559	5.437
1.56	5.454
1.561	5.47
1.562	5.487
1.563	5.504
1.564	5.521
1.565	5.537
1.566	5.554
1.567	5.571
1.568	5.588
1.569	5.605
1.57	5.622
1.571	5.639
1.572	5.656
1.573	5.673
1.574	5.69
1.575	5.707
1.576	5.724
1.577	5.741
1.578	5.758
1.579	5.776
1.58	5.793
1.581	5.81
1.582	5.827
1.583	5.844
1.584	5.862
1.585	5.879
1.586	5.896
1.587	5.914
1.588	5.931
1.589	5.949
1.59	5.966
1.591	5.983
1.592	6.001
1.593	6.018
1.594	6.036
1.595	6.054
1.596	6.071
1.597	6.089
1.598	6.106
1.599	6.124
1.6	6.142
1.601	6.159
1.602	6.177
1.603	6.195
1.604	6.213
1.605	6.23
1.606	6.248
1.607	6.266
1.608	6.284
1.609	6.302
1.61	6.32
1.611	6.338
1.612	6.356
1.613	6.374
1.614	6.392
1.615	6.41
1.616	6.428
1.617	6.446
1.618	6.464
1.619	6.482
1.62	6.5
1.621	6.519
1.622	6.537
1.623	6.555
1.624	6.573
1.625	6.592
1.626	6.61
1.627	6.628
1.628	6.647
1.629	6.665
1.63	6.684
1.631	6.702
1.632	6.72
1.633	6.739
1.634	6.757
1.635	6.776
1.636	6.795
1.637	6.813
1.638	6.832
1.639	6.85
1.64	6.869
1.641	6.888
1.642	6.906
1.643	6.925
1.644	6.944
1.645	6.963
1.646	6.982
1.647	7
1.648	7.019
1.649	7.038
1.65	7.057
1.651	7.076
1.652	7.095
1.653	7.114
1.654	7.133
1.655	7.152
1.656	7.171
1.657	7.19
1.658	7.209
1.659	7.228
1.66	7.247
1.661	7.267
1.662	7.286
1.663	7.305
1.664	7.324
1.665	7.344
1.666	7.363
1.667	7.382
1.668	7.402
1.669	7.421
1.67	7.44
1.671	7.46
1.672	7.479
1.673	7.499
1.674	7.518
1.675	7.538
1.676	7.557
1.677	7.577
1.678	7.596
1.679	7.616
1.68	7.636
1.681	7.655
1.682	7.675
1.683	7.695
1.684	7.715
1.685	7.734
1.686	7.754
1.687	7.774
1.688	7.794
1.689	7.814
1.69	7.834
1.691	7.853
1.692	7.873
1.693	7.893
1.694	7.913
1.695	7.933
1.696	7.953
1.697	7.973
1.698	7.994
1.699	8.014
1.7	8.034
1.701	8.054
1.702	8.074
1.703	8.094
1.704	8.115
1.705	8.135
1.706	8.155
1.707	8.175
1.708	8.196
1.709	8.216
1.71	8.236
1.711	8.257
1.712	8.277
1.713	8.298
1.714	8.318
1.715	8.339
1.716	8.359
1.717	8.38
1.718	8.4
1.719	8.421
1.72	8.442
1.721	8.462
1.722	8.483
1.723	8.504
1.724	8.524
1.725	8.545
1.726	8.566
1.727	8.587
1.728	8.608
1.729	8.628
1.73	8.649
1.731	8.67
1.732	8.691
1.733	8.712
1.734	8.733
1.735	8.754
1.736	8.775
1.737	8.796
1.738	8.817
1.739	8.838
1.74	8.859
1.741	8.88
1.742	8.902
1.743	8.923
1.744	8.944
1.745	8.965
1.746	8.987
1.747	9.008
1.748	9.029
1.749	9.051
1.75	9.072
1.751	9.093
1.752	9.115
1.753	9.136
1.754	9.158
1.755	9.179
1.756	9.201
1.757	9.222
1.758	9.244
1.759	9.265
1.76	9.287
1.761	9.308
1.762	9.33
1.763	9.352
1.764	9.374
1.765	9.395
1.766	9.417
1.767	9.439
1.768	9.461
1.769	9.482
1.77	9.504
1.771	9.526
1.772	9.548
1.773	9.57
1.774	9.592
1.775	9.614
1.776	9.636
1.777	9.658
1.778	9.68
1.779	9.702
1.78	9.724
1.781	9.746
1.782	9.768
1.783	9.791
1.784	9.813
1.785	9.835
1.786	9.857
1.787	9.88
1.788	9.902
1.789	9.924
1.79	9.947
1.791	9.969
1.792	9.991
1.793	10.01
1.794	10.04
1.795	10.06
1.796	10.08
1.797	10.1
1.798	10.13
1.799	10.15
1.8	10.17
1.801	10.19
1.802	10.22
1.803	10.24
1.804	10.26
1.805	10.28
1.806	10.31
1.807	10.33
1.808	10.35
1.809	10.38
1.81	10.4
1.811	10.42
1.812	10.44
1.813	10.47
1.814	10.49
1.815	10.51
1.816	10.54
1.817	10.56
1.818	10.58
1.819	10.61
1.82	10.63
1.821	10.65
1.822	10.67
1.823	10.7
1.824	10.72
1.825	10.74
1.826	10.77
1.827	10.79
1.828	10.81
1.829	10.84
1.83	10.86
1.831	10.88
1.832	10.91
1.833	10.93
1.834	10.95
1.835	10.98
1.836	11
1.837	11.02
1.838	11.05
1.839	11.07
1.84	11.1
1.841	11.12
1.842	11.14
1.843	11.17
1.844	11.19
1.845	11.21
1.846	11.24
1.847	11.26
1.848	11.28
1.849	11.31
1.85	11.33
1.851	11.36
1.852	11.38
1.853	11.4
1.854	11.43
1.855	11.45
1.856	11.48
1.857	11.5
1.858	11.52
1.859	11.55
1.86	11.57
1.861	11.6
1.862	11.62
1.863	11.64
1.864	11.67
1.865	11.69
1.866	11.72
1.867	11.74
1.868	11.77
1.869	11.79
1.87	11.81
1.871	11.84
1.872	11.86
1.873	11.89
1.874	11.91
1.875	11.94
1.876	11.96
1.877	11.98
1.878	12.01
1.879	12.03
1.88	12.06
1.881	12.08
1.882	12.11
1.883	12.13
1.884	12.16
1.885	12.18
1.886	12.21
1.887	12.23
1.888	12.26
1.889	12.28
1.89	12.31
1.891	12.33
1.892	12.35
1.893	12.38
1.894	12.4
1.895	12.43
1.896	12.45
1.897	12.48
1.898	12.5
1.899	12.53
1.9	12.55
1.901	12.58
1.902	12.6
1.903	12.63
1.904	12.65
1.905	12.68
1.906	12.71
1.907	12.73
1.908	12.76
1.909	12.78
1.91	12.81
1.911	12.83
1.912	12.86
1.913	12.88
1.914	12.91
1.915	12.93
1.916	12.96
1.917	12.98
1.918	13.01
1.919	13.04
1.92	13.06
1.921	13.09
1.922	13.11
1.923	13.14
1.924	13.16
1.925	13.19
1.926	13.21
1.927	13.24
1.928	13.27
1.929	13.29
1.93	13.32
1.931	13.34
1.932	13.37
1.933	13.39
1.934	13.42
1.935	13.45
1.936	13.47
1.937	13.5
1.938	13.52
1.939	13.55
1.94	13.58
1.941	13.6
1.942	13.63
1.943	13.65
1.944	13.68
1.945	13.71
1.946	13.73
1.947	13.76
1.948	13.79
1.949	13.81
1.95	13.84
1.951	13.86
1.952	13.89
1.953	13.92
1.954	13.94
1.955	13.97
1.956	14
1.957	14.02
1.958	14.05
1.959	14.08
1.96	14.1
1.961	14.13
1.962	14.16
1.963	14.18
1.964	14.21
1.965	14.24
1.966	14.26
1.967	14.29
1.968	14.32
1.969	14.34
1.97	14.37
1.971	14.4
1.972	14.42
1.973	14.45
1.974	14.48
1.975	14.5
1.976	14.53
1.977	14.56
1.978	14.58
1.979	14.61
1.98	14.64
1.981	14.66
1.982	14.69
1.983	14.72
1.984	14.75
1.985	14.77
1.986	14.8
1.987	14.83
1.988	14.85
1.989	14.88
1.99	14.91
1.991	14.94
1.992	14.96
1.993	14.99
1.994	15.02
1.995	15.05
1.996	15.07
1.997	15.1
1.998	15.13
1.999	15.16
2	15.18
