0	-0.01754
0.001	-0.01776
0.002	-0.01799
0.003	-0.01821
0.004	-0.01844
0.005	-0.01866
0.006	-0.01889
0.007	-0.01911
0.008	-0.01933
0.009	-0.01955
0.01	-0.01977
0.011	-0.01999
0.012	-0.02021
0.013	-0.02043
0.014	-0.02065
0.015	-0.02087
0.016	-0.02109
0.017	-0.02131
0.018	-0.02152
0.019	-0.02174
0.02	-0.02196
0.021	-0.02217
0.022	-0.02239
0.023	-0.0226
0.024	-0.02281
0.025	-0.02303
0.026	-0.02324
0.027	-0.02345
0.028	-0.02366
0.029	-0.02387
0.03	-0.02408
0.031	-0.02429
0.032	-0.0245
0.033	-0.02471
0.034	-0.02492
0.035	-0.02512
0.036	-0.02533
0.037	-0.02554
0.038	-0.02574
0.039	-0.02595
0.04	-0.02615
0.041	-0.02636
0.042	-0.02656
0.043	-0.02676
0.044	-0.02696
0.045	-0.02717
0.046	-0.02737
0.047	-0.02757
0.048	-0.02777
0.049	-0.02797
0.05	-0.02817
0.051	-0.02837
0.052	-0.02856
0.053	-0.02876
0.054	-0.02896
0.055	-0.02915
0.056	-0.02935
0.057	-0.02954
0.058	-0.02974
0.059	-0.02993
0.06	-0.03013
0.061	-0.03032
0.062	-0.03051
0.063	-0.0307
0.064	-0.0309
0.065	-0.03109
0.066	-0.03128
0.067	-0.03147
0.068	-0.03165
0.069	-0.03184
0.07	-0.03203
0.071	-0.03222
0.072	-0.0324
0.073	-0.03259
0.074	-0.03278
0.075	-0.03296
0.076	-0.03315
0.077	-0.03333
0.078	-0.03351
0.079	-0.0337
0.08	-0.03388
0.081	-0.03406
0.082	-0.03424
0.083	-0.03442
0.084	-0.0346
0.085	-0.03478
0.086	-0.03496
0.087	-0.03514
0.088	-0.03532
0.089	-0.0355
0.09	-0.03567
0.091	-0.03585
0.092	-0.03602
0.093	-0.0362
0.094	-0.03637
0.095	-0.03655
0.096	-0.03672
0.097	-0.03689
0.098	-0.03707
0.099	-0.03724
0.1	-0.03741
0.101	-0.03758
0.102	-0.03775
0.103	-0.03792
0.104	-0.03809
0.105	-0.03826
0.106	-0.03843
0.107	-0.03859
0.108	-0.03876
0.109	-0.03893
0.11	-0.03909
0.111	-0.03926
0.112	-0.03942
0.113	-0.03959
0.114	-0.03975
0.115	-0.03991
0.116	-0.04007
0.117	-0.04024
0.118	-0.0404
0.119	-0.04056
0.12	-0.04072
0.121	-0.04088
0.122	-0.04104
0.123	-0.0412
0.124	-0.04135
0.125	-0.04151
0.126	-0.04167
0.127	-0.04182
0.128	-0.04198
0.129	-0.04214
0.13	-0.04229
0.131	-0.04244
0.132	-0.0426
0.133	-0.04275
0.134	-0.0429
0.135	-0.04305
0.136	-0.04321
0.137	-0.04336
0.138	-0.04351
0.139	-0.04366
0.14	-0.04381
0.141	-0.04395
0.142	-0.0441
0.143	-0.04425
0.144	-0.0444
0.145	-0.04454
0.146	-0.04469
0.147	-0.04483
0.148	-0.04498
0.149	-0.04512
0.15	-0.04527
0.151	-0.04541
0.152	-0.04555
0.153	-0.04569
0.154	-0.04583
0.155	-0.04598
0.156	-0.04612
0.157	-0.04625
0.158	-0.04639
0.159	-0.04653
0.16	-0.04667
0.161	-0.04681
0.162	-0.04694
0.163	-0.04708
0.164	-0.04722
0.165	-0.04735
0.166	-0.04749
0.167	-0.04762
0.168	-0.04775
0.169	-0.04789
0.17	-0.04802
0.171	-0.04815
0.172	-0.04828
0.173	-0.04841
0.174	-0.04854
0.175	-0.04867
0.176	-0.0488
0.177	-0.04893
0.178	-0.04906
0.179	-0.04919
0.18	-0.04931
0.181	-0.04944
0.182	-0.04957
0.183	-0.04969
0.184	-0.04982
0.185	-0.04994
0.186	-0.05006
0.187	-0.05019
0.188	-0.05031
0.189	-0.05043
0.19	-0.05055
0.191	-0.05067
0.192	-0.05079
0.193	-0.05091
0.194	-0.05103
0.195	-0.05115
0.196	-0.05127
0.197	-0.05139
0.198	-0.0515
0.199	-0.05162
0.2	-0.05173
0.201	-0.05185
0.202	-0.05196
0.203	-0.05208
0.204	-0.05219
0.205	-0.0523
0.206	-0.05242
0.207	-0.05253
0.208	-0.05264
0.209	-0.05275
0.21	-0.05286
0.211	-0.05297
0.212	-0.05308
0.213	-0.05319
0.214	-0.0533
0.215	-0.0534
0.216	-0.05351
0.217	-0.05362
0.218	-0.05372
0.219	-0.05383
0.22	-0.05393
0.221	-0.05404
0.222	-0.05414
0.223	-0.05424
0.224	-0.05435
0.225	-0.05445
0.226	-0.05455
0.227	-0.05465
0.228	-0.05475
0.229	-0.05485
0.23	-0.05495
0.231	-0.05505
0.232	-0.05515
0.233	-0.05524
0.234	-0.05534
0.235	-0.05544
0.236	-0.05553
0.237	-0.05563
0.238	-0.05572
0.239	-0.05582
0.24	-0.05591
0.241	-0.056
0.242	-0.0561
0.243	-0.05619
0.244	-0.05628
0.245	-0.05637
0.246	-0.05646
0.247	-0.05655
0.248	-0.05664
0.249	-0.05673
0.25	-0.05682
0.251	-0.0569
0.252	-0.05699
0.253	-0.05708
0.254	-0.05716
0.255	-0.05725
0.256	-0.05733
0.257	-0.05742
0.258	-0.0575
0.259	-0.05758
0.26	-0.05767
0.261	-0.05775
0.262	-0.05783
0.263	-0.05791
0.264	-0.05799
0.265	-0.05807
0.266	-0.05815
0.267	-0.05823
0.268	-0.05831
0.269	-0.05838
0.27	-0.05846
0.271	-0.05854
0.272	-0.05861
0.273	-0.05869
0.274	-0.05876
0.275	-0.05884
0.276	-0.05891
0.277	-0.05898
0.278	-0.05906
0.279	-0.05913
0.28	-0.0592
0.281	-0.05927
0.282	-0.05934
0.283	-0.05941
0.284	-0.05948
0.285	-0.05955
0.286	-0.05962
0.287	-0.05968
0.288	-0.05975
0.289	-0.05982
0.29	-0.05988
0.291	-0.05995
0.292	-0.06001
0.293	-0.06008
0.294	-0.06014
0.295	-0.0602
0.296	-0.06027
0.297	-0.06033
0.298	-0.06039
0.299	-0.06045
0.3	-0.06051
0.301	-0.06057
0.302	-0.06063
0.303	-0.06069
0.304	-0.06075
0.305	-0.0608
0.306	-0.06086
0.307	-0.06092
0.308	-0.06097
0.309	-0.06103
0.31	-0.06108
0.311	-0.06114
0.312	-0.06119
0.313	-0.06124
0.314	-0.0613
0.315	-0.06135
0.316	-0.0614
0.317	-0.06145
0.318	-0.0615
0.319	-0.06155
0.32	-0.0616
0.321	-0.06165
0.322	-0.0617
0.323	-0.06174
0.324	-0.06179
0.325	-0.06184
0.326	-0.06188
0.327	-0.06193
0.328	-0.06197
0.329	-0.06202
0.33	-0.06206
0.331	-0.0621
0.332	-0.06215
0.333	-0.06219
0.334	-0.06223
0.335	-0.06227
0.336	-0.06231
0.337	-0.06235
0.338	-0.06239
0.339	-0.06243
0.34	-0.06247
0.341	-0.0625
0.342	-0.06254
0.343	-0.06258
0.344	-0.06261
0.345	-0.06265
0.346	-0.06268
0.347	-0.06272
0.348	-0.06275
0.349	-0.06278
0.35	-0.06282
0.351	-0.06285
0.352	-0.06288
0.353	-0.06291
0.354	-0.06294
0.355	-0.06297
0.356	-0.063
0.357	-0.06303
0.358	-0.06306
0.359	-0.06309
0.36	-0.06311
0.361	-0.06314
0.362	-0.06316
0.363	-0.06319
0.364	-0.06321
0.365	-0.06324
0.366	-0.06326
0.367	-0.06329
0.368	-0.06331
0.369	-0.06333
0.37	-0.06335
0.371	-0.06337
0.372	-0.06339
0.373	-0.06341
0.374	-0.06343
0.375	-0.06345
0.376	-0.06347
0.377	-0.06349
0.378	-0.0635
0.379	-0.06352
0.38	-0.06354
0.381	-0.06355
0.382	-0.06357
0.383	-0.06358
0.384	-0.06359
0.385	-0.06361
0.386	-0.06362
0.387	-0.06363
0.388	-0.06364
0.389	-0.06365
0.39	-0.06366
0.391	-0.06367
0.392	-0.06368
0.393	-0.06369
0.394	-0.0637
0.395	-0.06371
0.396	-0.06371
0.397	-0.06372
0.398	-0.06373
0.399	-0.06373
0.4	-0.06374
0.401	-0.06374
0.402	-0.06374
0.403	-0.06375
0.404	-0.06375
0.405	-0.06375
0.406	-0.06375
0.407	-0.06375
0.408	-0.06376
0.409	-0.06376
0.41	-0.06375
0.411	-0.06375
0.412	-0.06375
0.413	-0.06375
0.414	-0.06375
0.415	-0.06374
0.416	-0.06374
0.417	-0.06373
0.418	-0.06373
0.419	-0.06372
0.42	-0.06372
0.421	-0.06371
0.422	-0.0637
0.423	-0.06369
0.424	-0.06369
0.425	-0.06368
0.426	-0.06367
0.427	-0.06366
0.428	-0.06365
0.429	-0.06363
0.43	-0.06362
0.431	-0.06361
0.432	-0.0636
0.433	-0.06358
0.434	-0.06357
0.435	-0.06356
0.436	-0.06354
0.437	-0.06352
0.438	-0.06351
0.439	-0.06349
0.44	-0.06347
0.441	-0.06346
0.442	-0.06344
0.443	-0.06342
0.444	-0.0634
0.445	-0.06338
0.446	-0.06336
0.447	-0.06334
0.448	-0.06331
0.449	-0.06329
0.45	-0.06327
0.451	-0.06325
0.452	-0.06322
0.453	-0.0632
0.454	-0.06317
0.455	-0.06315
0.456	-0.06312
0.457	-0.06309
0.458	-0.06307
0.459	-0.06304
0.46	-0.06301
0.461	-0.06298
0.462	-0.06295
0.463	-0.06292
0.464	-0.06289
0.465	-0.06286
0.466	-0.06283
0.467	-0.06279
0.468	-0.06276
0.469	-0.06273
0.47	-0.06269
0.471	-0.06266
0.472	-0.06262
0.473	-0.06259
0.474	-0.06255
0.475	-0.06252
0.476	-0.06248
0.477	-0.06244
0.478	-0.0624
0.479	-0.06236
0.48	-0.06232
0.481	-0.06228
0.482	-0.06224
0.483	-0.0622
0.484	-0.06216
0.485	-0.06212
0.486	-0.06207
0.487	-0.06203
0.488	-0.06199
0.489	-0.06194
0.49	-0.0619
0.491	-0.06185
0.492	-0.06181
0.493	-0.06176
0.494	-0.06171
0.495	-0.06166
0.496	-0.06161
0.497	-0.06157
0.498	-0.06152
0.499	-0.06147
0.5	-0.06142
0.501	-0.06136
0.502	-0.06131
0.503	-0.06126
0.504	-0.06121
0.505	-0.06115
0.506	-0.0611
0.507	-0.06104
0.508	-0.06099
0.509	-0.06093
0.51	-0.06088
0.511	-0.06082
0.512	-0.06076
0.513	-0.06071
0.514	-0.06065
0.515	-0.06059
0.516	-0.06053
0.517	-0.06047
0.518	-0.06041
0.519	-0.06035
0.52	-0.06028
0.521	-0.06022
0.522	-0.06016
0.523	-0.0601
0.524	-0.06003
0.525	-0.05997
0.526	-0.0599
0.527	-0.05984
0.528	-0.05977
0.529	-0.0597
0.53	-0.05964
0.531	-0.05957
0.532	-0.0595
0.533	-0.05943
0.534	-0.05936
0.535	-0.05929
0.536	-0.05922
0.537	-0.05915
0.538	-0.05908
0.539	-0.05901
0.54	-0.05893
0.541	-0.05886
0.542	-0.05879
0.543	-0.05871
0.544	-0.05864
0.545	-0.05856
0.546	-0.05848
0.547	-0.05841
0.548	-0.05833
0.549	-0.05825
0.55	-0.05817
0.551	-0.05809
0.552	-0.05801
0.553	-0.05793
0.554	-0.05785
0.555	-0.05777
0.556	-0.05769
0.557	-0.05761
0.558	-0.05753
0.559	-0.05744
0.56	-0.05736
0.561	-0.05727
0.562	-0.05719
0.563	-0.0571
0.564	-0.05702
0.565	-0.05693
0.566	-0.05684
0.567	-0.05676
0.568	-0.05667
0.569	-0.05658
0.57	-0.05649
0.571	-0.0564
0.572	-0.05631
0.573	-0.05622
0.574	-0.05612
0.575	-0.05603
0.576	-0.05594
0.577	-0.05585
0.578	-0.05575
0.579	-0.05566
0.58	-0.05556
0.581	-0.05547
0.582	-0.05537
0.583	-0.05527
0.584	-0.05518
0.585	-0.05508
0.586	-0.05498
0.587	-0.05488
0.588	-0.05478
0.589	-0.05468
0.59	-0.05458
0.591	-0.05448
0.592	-0.05438
0.593	-0.05428
0.594	-0.05417
0.595	-0.05407
0.596	-0.05397
0.597	-0.05386
0.598	-0.05376
0.599	-0.05365
0.6	-0.05354
0.601	-0.05344
0.602	-0.05333
0.603	-0.05322
0.604	-0.05311
0.605	-0.05301
0.606	-0.0529
0.607	-0.05279
0.608	-0.05268
0.609	-0.05256
0.61	-0.05245
0.611	-0.05234
0.612	-0.05223
0.613	-0.05211
0.614	-0.052
0.615	-0.05189
0.616	-0.05177
0.617	-0.05165
0.618	-0.05154
0.619	-0.05142
0.62	-0.0513
0.621	-0.05119
0.622	-0.05107
0.623	-0.05095
0.624	-0.05083
0.625	-0.05071
0.626	-0.05059
0.627	-0.05047
0.628	-0.05035
0.629	-0.05022
0.63	-0.0501
0.631	-0.04998
0.632	-0.04985
0.633	-0.04973
0.634	-0.0496
0.635	-0.04948
0.636	-0.04935
0.637	-0.04923
0.638	-0.0491
0.639	-0.04897
0.64	-0.04884
0.641	-0.04871
0.642	-0.04858
0.643	-0.04845
0.644	-0.04832
0.645	-0.04819
0.646	-0.04806
0.647	-0.04793
0.648	-0.0478
0.649	-0.04766
0.65	-0.04753
0.651	-0.04739
0.652	-0.04726
0.653	-0.04712
0.654	-0.04699
0.655	-0.04685
0.656	-0.04671
0.657	-0.04658
0.658	-0.04644
0.659	-0.0463
0.66	-0.04616
0.661	-0.04602
0.662	-0.04588
0.663	-0.04574
0.664	-0.0456
0.665	-0.04545
0.666	-0.04531
0.667	-0.04517
0.668	-0.04502
0.669	-0.04488
0.67	-0.04473
0.671	-0.04459
0.672	-0.04444
0.673	-0.0443
0.674	-0.04415
0.675	-0.044
0.676	-0.04385
0.677	-0.0437
0.678	-0.04355
0.679	-0.0434
0.68	-0.04325
0.681	-0.0431
0.682	-0.04295
0.683	-0.0428
0.684	-0.04265
0.685	-0.04249
0.686	-0.04234
0.687	-0.04218
0.688	-0.04203
0.689	-0.04187
0.69	-0.04172
0.691	-0.04156
0.692	-0.0414
0.693	-0.04125
0.694	-0.04109
0.695	-0.04093
0.696	-0.04077
0.697	-0.04061
0.698	-0.04045
0.699	-0.04029
0.7	-0.04013
0.701	-0.03996
0.702	-0.0398
0.703	-0.03964
0.704	-0.03947
0.705	-0.03931
0.706	-0.03914
0.707	-0.03898
0.708	-0.03881
0.709	-0.03865
0.71	-0.03848
0.711	-0.03831
0.712	-0.03814
0.713	-0.03797
0.714	-0.0378
0.715	-0.03763
0.716	-0.03746
0.717	-0.03729
0.718	-0.03712
0.719	-0.03695
0.72	-0.03678
0.721	-0.0366
0.722	-0.03643
0.723	-0.03625
0.724	-0.03608
0.725	-0.0359
0.726	-0.03573
0.727	-0.03555
0.728	-0.03537
0.729	-0.0352
0.73	-0.03502
0.731	-0.03484
0.732	-0.03466
0.733	-0.03448
0.734	-0.0343
0.735	-0.03412
0.736	-0.03394
0.737	-0.03375
0.738	-0.03357
0.739	-0.03339
0.74	-0.0332
0.741	-0.03302
0.742	-0.03283
0.743	-0.03265
0.744	-0.03246
0.745	-0.03228
0.746	-0.03209
0.747	-0.0319
0.748	-0.03171
0.749	-0.03152
0.75	-0.03133
0.751	-0.03115
0.752	-0.03095
0.753	-0.03076
0.754	-0.03057
0.755	-0.03038
0.756	-0.03019
0.757	-0.02999
0.758	-0.0298
0.759	-0.02961
0.76	-0.02941
0.761	-0.02921
0.762	-0.02902
0.763	-0.02882
0.764	-0.02863
0.765	-0.02843
0.766	-0.02823
0.767	-0.02803
0.768	-0.02783
0.769	-0.02763
0.77	-0.02743
0.771	-0.02723
0.772	-0.02703
0.773	-0.02683
0.774	-0.02662
0.775	-0.02642
0.776	-0.02622
0.777	-0.02601
0.778	-0.02581
0.779	-0.0256
0.78	-0.02539
0.781	-0.02519
0.782	-0.02498
0.783	-0.02477
0.784	-0.02457
0.785	-0.02436
0.786	-0.02415
0.787	-0.02394
0.788	-0.02373
0.789	-0.02352
0.79	-0.0233
0.791	-0.02309
0.792	-0.02288
0.793	-0.02267
0.794	-0.02245
0.795	-0.02224
0.796	-0.02202
0.797	-0.02181
0.798	-0.02159
0.799	-0.02137
0.8	-0.02116
0.801	-0.02094
0.802	-0.02072
0.803	-0.0205
0.804	-0.02028
0.805	-0.02006
0.806	-0.01984
0.807	-0.01962
0.808	-0.0194
0.809	-0.01918
0.81	-0.01896
0.811	-0.01873
0.812	-0.01851
0.813	-0.01828
0.814	-0.01806
0.815	-0.01783
0.816	-0.01761
0.817	-0.01738
0.818	-0.01715
0.819	-0.01693
0.82	-0.0167
0.821	-0.01647
0.822	-0.01624
0.823	-0.01601
0.824	-0.01578
0.825	-0.01555
0.826	-0.01532
0.827	-0.01508
0.828	-0.01485
0.829	-0.01462
0.83	-0.01439
0.831	-0.01415
0.832	-0.01392
0.833	-0.01368
0.834	-0.01344
0.835	-0.01321
0.836	-0.01297
0.837	-0.01273
0.838	-0.01249
0.839	-0.01226
0.84	-0.01202
0.841	-0.01178
0.842	-0.01154
0.843	-0.0113
0.844	-0.01105
0.845	-0.01081
0.846	-0.01057
0.847	-0.01033
0.848	-0.01008
0.849	-0.009838
0.85	-0.009593
0.851	-0.009347
0.852	-0.009101
0.853	-0.008855
0.854	-0.008608
0.855	-0.00836
0.856	-0.008112
0.857	-0.007863
0.858	-0.007614
0.859	-0.007364
0.86	-0.007113
0.861	-0.006862
0.862	-0.006611
0.863	-0.006359
0.864	-0.006106
0.865	-0.005853
0.866	-0.005599
0.867	-0.005345
0.868	-0.00509
0.869	-0.004834
0.87	-0.004578
0.871	-0.004322
0.872	-0.004065
0.873	-0.003807
0.874	-0.003549
0.875	-0.00329
0.876	-0.003031
0.877	-0.002771
0.878	-0.00251
0.879	-0.00225
0.88	-0.001988
0.881	-0.001726
0.882	-0.001463
0.883	-0.0012
0.884	-0.0009363
0.885	-0.000672
0.886	-0.0004071
0.887	-0.0001417
0.888	0.0001243
0.889	0.0003908
0.89	0.0006579
0.891	0.0009255
0.892	0.001194
0.893	0.001462
0.894	0.001732
0.895	0.002002
0.896	0.002272
0.897	0.002543
0.898	0.002815
0.899	0.003087
0.9	0.003359
0.901	0.003632
0.902	0.003906
0.903	0.00418
0.904	0.004455
0.905	0.004731
0.906	0.005007
0.907	0.005283
0.908	0.00556
0.909	0.005838
0.91	0.006116
0.911	0.006395
0.912	0.006674
0.913	0.006954
0.914	0.007234
0.915	0.007515
0.916	0.007797
0.917	0.008079
0.918	0.008362
0.919	0.008645
0.92	0.008928
0.921	0.009213
0.922	0.009498
0.923	0.009783
0.924	0.01007
0.925	0.01036
0.926	0.01064
0.927	0.01093
0.928	0.01122
0.929	0.01151
0.93	0.0118
0.931	0.01209
0.932	0.01238
0.933	0.01267
0.934	0.01296
0.935	0.01325
0.936	0.01354
0.937	0.01384
0.938	0.01413
0.939	0.01442
0.94	0.01472
0.941	0.01501
0.942	0.01531
0.943	0.01561
0.944	0.0159
0.945	0.0162
0.946	0.0165
0.947	0.0168
0.9472	0.02297
0.9482	0.02306
0.9492	0.02318
0.9502	0.0233
0.9512	0.02345
0.9522	0.0236
0.9532	0.02378
0.9542	0.02397
0.9552	0.02417
0.9562	0.02439
0.9572	0.02462
0.9582	0.02487
0.9592	0.02514
0.9602	0.02542
0.9612	0.02571
0.9622	0.02602
0.9632	0.02635
0.9636	0.03392
0.9646	0.03396
0.9656	0.03402
0.9666	0.03407
0.9676	0.03414
0.9686	0.03421
0.9696	0.03429
0.9706	0.03438
0.9716	0.03447
0.9726	0.03457
0.9736	0.03468
0.9746	0.0348
0.9754	0.04335
0.9764	0.04322
0.9774	0.04314
0.9784	0.04309
0.9794	0.04309
0.9804	0.04314
0.9814	0.04322
0.9824	0.04335
0.9834	0.04352
0.9844	0.04373
0.9854	0.05745
0.9864	0.0574
0.9874	0.05737
0.9884	0.05737
0.9894	0.05739
0.9904	0.05744
0.9914	0.05752
0.9924	0.05762
0.9934	0.05775
0.9944	0.0579
0.9947	0.06772
0.9957	0.06746
0.9967	0.06725
0.9977	0.06709
0.9987	0.06697
0.9997	0.06689
1.001	0.06685
1.002	0.06686
1.003	0.06692
1.004	0.06702
1.004	0.08462
1.005	0.08483
1.006	0.08502
1.007	0.08519
1.008	0.08534
1.009	0.08547
1.01	0.08559
1.011	0.08568
1.012	0.08575
1.013	0.08581
1.013	0.1037
1.014	0.1046
1.015	0.1055
1.016	0.1064
1.017	0.1073
1.018	0.1082
1.019	0.109
1.02	0.1099
1.021	0.1108
1.022	0.1117
1.023	0.1126
1.024	0.13
1.025	0.1297
1.026	0.1296
1.027	0.1295
1.028	0.1296
1.029	0.1297
1.03	0.1299
1.031	0.1302
1.032	0.1305
1.033	0.131
1.034	0.1316
1.035	0.1322
1.036	0.1329
1.036	0.1714
1.037	0.1717
1.038	0.1721
1.039	0.1724
1.04	0.1728
1.041	0.1732
1.042	0.1736
1.043	0.174
1.044	0.1745
1.045	0.175
1.046	0.1754
1.047	0.1759
1.048	0.1764
1.049	0.177
1.05	0.1775
1.051	0.1781
1.052	0.1786
1.053	0.1792
1.054	0.2342
1.055	0.2362
1.056	0.2384
1.057	0.2406
1.058	0.2429
1.059	0.2452
1.06	0.2477
1.061	0.2502
1.062	0.2527
1.063	0.2553
1.064	0.258
1.065	0.2608
1.066	0.2636
1.067	0.2665
1.068	0.2695
1.069	0.2725
1.07	0.2756
1.071	0.2787
1.072	0.282
1.073	0.2853
1.074	0.2886
1.075	0.2921
1.076	0.2956
1.077	0.2991
1.078	0.3028
1.079	0.3065
1.08	0.3102
1.081	0.3141
1.082	0.318
1.083	0.3219
1.084	0.326
1.085	0.3301
1.086	0.3343
1.087	0.3385
1.088	0.3428
1.089	0.3472
1.09	0.3516
1.091	0.3561
1.092	0.3607
1.093	0.3654
1.094	0.3701
1.095	0.3749
1.096	0.3797
1.097	0.3846
1.098	0.3896
1.099	0.3947
1.1	0.3998
1.101	0.405
1.102	0.4102
1.103	0.4155
1.104	0.4209
1.105	0.4264
1.106	0.4319
1.107	0.4375
1.108	0.4432
1.109	0.4489
1.11	0.4547
1.111	0.4605
1.112	0.4665
1.113	0.4725
1.114	0.4785
1.115	0.4847
1.116	0.4909
1.117	0.4971
1.118	0.5035
1.119	0.5099
1.12	0.5163
1.121	0.5229
1.122	0.5295
1.123	0.5362
1.124	0.5429
1.125	0.5497
1.126	0.5566
1.127	0.5635
1.128	0.5705
1.129	0.5776
1.13	0.5847
1.131	0.592
1.132	0.5992
1.133	0.6066
1.134	0.614
1.135	0.6215
1.136	0.629
1.137	0.6366
1.138	0.6443
1.139	0.6521
1.14	0.6599
1.141	0.6678
1.142	0.6757
1.143	0.6838
1.144	0.6918
1.145	0.7
1.146	0.7082
1.147	0.7165
1.148	0.7249
1.149	0.7333
1.15	0.7418
1.151	0.7504
1.152	0.759
1.153	0.7677
1.154	0.7765
1.155	0.7853
1.156	0.7942
1.157	0.8031
1.158	0.8122
1.159	0.8213
1.16	0.8305
1.161	0.8397
1.162	0.849
1.163	0.8584
1.164	0.8678
1.165	0.8773
1.166	0.8869
1.167	0.8965
1.168	0.9062
1.169	0.916
1.17	0.9259
1.171	0.9358
1.172	0.9457
1.173	0.9558
1.174	0.9659
1.175	0.9761
1.176	0.9863
1.177	0.9967
1.178	1.007
1.179	1.017
1.18	1.028
1.181	1.039
1.182	1.049
1.183	1.06
1.184	1.071
1.185	1.082
1.186	1.093
1.187	1.104
1.188	1.115
1.189	1.126
1.19	1.137
1.191	1.148
1.192	1.16
1.193	1.171
1.194	1.182
1.195	1.194
1.196	1.205
1.197	1.217
1.198	1.229
1.199	1.241
1.2	1.253
1.201	1.265
1.202	1.277
1.203	1.289
1.204	1.301
1.205	1.313
1.206	1.325
1.207	1.338
1.208	1.35
1.209	1.362
1.21	1.375
1.211	1.388
1.212	1.4
1.213	1.413
1.214	1.426
1.215	1.439
1.216	1.452
1.217	1.465
1.218	1.478
1.219	1.491
1.22	1.504
1.221	1.517
1.222	1.531
1.223	1.544
1.224	1.558
1.225	1.571
1.226	1.585
1.227	1.599
1.228	1.612
1.229	1.626
1.23	1.64
1.231	1.654
1.232	1.668
1.233	1.682
1.234	1.696
1.235	1.711
1.236	1.725
1.237	1.739
1.238	1.754
1.239	1.768
1.24	1.783
1.241	1.797
1.242	1.812
1.243	1.827
1.244	1.842
1.245	1.857
1.246	1.872
1.247	1.887
1.248	1.902
1.249	1.917
1.25	1.932
1.251	1.947
1.252	1.963
1.253	1.978
1.254	1.994
1.255	2.009
1.256	2.025
1.257	2.041
1.258	2.056
1.259	2.072
1.26	2.088
1.261	2.104
1.262	2.12
1.263	2.136
1.264	2.153
1.265	2.169
1.266	2.185
1.267	2.202
1.268	2.218
1.269	2.235
1.27	2.251
1.271	2.268
1.272	2.285
1.273	2.301
1.274	2.318
1.275	2.335
1.276	2.352
1.277	2.369
1.278	2.386
1.279	2.404
1.28	2.421
1.281	2.438
1.282	2.456
1.283	2.473
1.284	2.491
1.285	2.508
1.286	2.526
1.287	2.544
1.288	2.561
1.289	2.579
1.29	2.597
1.291	2.615
1.292	2.633
1.293	2.651
1.294	2.67
1.295	2.688
1.296	2.706
1.297	2.725
1.298	2.743
1.299	2.762
1.3	2.78
1.301	2.799
1.302	2.818
1.303	2.837
1.304	2.855
1.305	2.874
1.306	2.893
1.307	2.913
1.308	2.932
1.309	2.951
1.31	2.97
1.311	2.99
1.312	3.009
1.313	3.029
1.314	3.048
1.315	3.068
1.316	3.087
1.317	3.107
1.318	3.127
1.319	3.147
1.32	3.167
1.321	3.187
1.322	3.207
1.323	3.227
1.324	3.247
1.325	3.268
1.326	3.288
1.327	3.309
1.328	3.329
1.329	3.35
1.33	3.37
1.331	3.391
1.332	3.412
1.333	3.433
1.334	3.454
1.335	3.475
1.336	3.496
1.337	3.517
1.338	3.538
1.339	3.559
1.34	3.58
1.341	3.602
1.342	3.623
1.343	3.645
1.344	3.666
1.345	3.688
1.346	3.71
1.347	3.732
1.348	3.753
1.349	3.775
1.35	3.797
1.351	3.819
1.352	3.842
1.353	3.864
1.354	3.886
1.355	3.908
1.356	3.931
1.357	3.953
1.358	3.976
1.359	3.998
1.36	4.021
1.361	4.044
1.362	4.067
1.363	4.089
1.364	4.112
1.365	4.135
1.366	4.158
1.367	4.182
1.368	4.205
1.369	4.228
1.37	4.251
1.371	4.275
1.372	4.298
1.373	4.322
1.374	4.345
1.375	4.369
1.376	4.393
1.377	4.417
1.378	4.441
1.379	4.465
1.38	4.489
1.381	4.513
1.382	4.537
1.383	4.561
1.384	4.585
1.385	4.61
1.386	4.634
1.387	4.659
1.388	4.683
1.389	4.708
1.39	4.732
1.391	4.757
1.392	4.782
1.393	4.807
1.394	4.832
1.395	4.857
1.396	4.882
1.397	4.907
1.398	4.932
1.399	4.958
1.4	4.983
1.401	5.009
1.402	5.034
1.403	5.06
1.404	5.085
1.405	5.111
1.406	5.137
1.407	5.163
1.408	5.188
1.409	5.214
1.41	5.24
1.411	5.267
1.412	5.293
1.413	5.319
1.414	5.345
1.415	5.372
1.416	5.398
1.417	5.425
1.418	5.451
1.419	5.478
1.42	5.505
1.421	5.531
1.422	5.558
1.423	5.585
1.424	5.612
1.425	5.639
1.426	5.666
1.427	5.694
1.428	5.721
1.429	5.748
1.43	5.776
1.431	5.803
1.432	5.831
1.433	5.858
1.434	5.886
1.435	5.914
1.436	5.941
1.437	5.969
1.438	5.997
1.439	6.025
1.44	6.053
1.441	6.081
1.442	6.11
1.443	6.138
1.444	6.166
1.445	6.195
1.446	6.223
1.447	6.252
1.448	6.28
1.449	6.309
1.45	6.338
1.451	6.366
1.452	6.395
1.453	6.424
1.454	6.453
1.455	6.482
1.456	6.511
1.457	6.541
1.458	6.57
1.459	6.599
1.46	6.629
1.461	6.658
1.462	6.688
1.463	6.717
1.464	6.747
1.465	6.777
1.466	6.807
1.467	6.837
1.468	6.867
1.469	6.897
1.47	6.927
1.471	6.957
1.472	6.987
1.473	7.017
1.474	7.048
1.475	7.078
1.476	7.109
1.477	7.139
1.478	7.17
1.479	7.201
1.48	7.231
1.481	7.262
1.482	7.293
1.483	7.324
1.484	7.355
1.485	7.386
1.486	7.417
1.487	7.449
1.488	7.48
1.489	7.511
1.49	7.543
1.491	7.574
1.492	7.606
1.493	7.637
1.494	7.669
1.495	7.701
1.496	7.733
1.497	7.765
1.498	7.797
1.499	7.829
1.5	7.861
1.501	7.893
1.502	7.925
1.503	7.958
1.504	7.99
1.505	8.022
1.506	8.055
1.507	8.088
1.508	8.12
1.509	8.153
1.51	8.186
1.511	8.219
1.512	8.252
1.513	8.285
1.514	8.318
1.515	8.351
1.516	8.384
1.517	8.417
1.518	8.451
1.519	8.484
1.52	8.517
1.521	8.551
1.522	8.585
1.523	8.618
1.524	8.652
1.525	8.686
1.526	8.72
1.527	8.754
1.528	8.788
1.529	8.822
1.53	8.856
1.531	8.89
1.532	8.924
1.533	8.959
1.534	8.993
1.535	9.027
1.536	9.062
1.537	9.097
1.538	9.131
1.539	9.166
1.54	9.201
1.541	9.236
1.542	9.271
1.543	9.306
1.544	9.341
1.545	9.376
1.546	9.411
1.547	9.447
1.548	9.482
1.549	9.517
1.55	9.553
1.551	9.588
1.552	9.624
1.553	9.66
1.554	9.695
1.555	9.731
1.556	9.767
1.557	9.803
1.558	9.839
1.559	9.875
1.56	9.911
1.561	9.948
1.562	9.984
1.563	10.02
1.564	10.06
1.565	10.09
1.566	10.13
1.567	10.17
1.568	10.2
1.569	10.24
1.57	10.28
1.571	10.31
1.572	10.35
1.573	10.39
1.574	10.42
1.575	10.46
1.576	10.5
1.577	10.54
1.578	10.57
1.579	10.61
1.58	10.65
1.581	10.69
1.582	10.72
1.583	10.76
1.584	10.8
1.585	10.84
1.586	10.88
1.587	10.91
1.588	10.95
1.589	10.99
1.59	11.03
1.591	11.07
1.592	11.1
1.593	11.14
1.594	11.18
1.595	11.22
1.596	11.26
1.597	11.3
1.598	11.34
1.599	11.37
1.6	11.41
1.601	11.45
1.602	11.49
1.603	11.53
1.604	11.57
1.605	11.61
1.606	11.65
1.607	11.69
1.608	11.73
1.609	11.77
1.61	11.81
1.611	11.85
1.612	11.89
1.613	11.92
1.614	11.96
1.615	12
1.616	12.04
1.617	12.08
1.618	12.12
1.619	12.16
1.62	12.21
1.621	12.25
1.622	12.29
1.623	12.33
1.624	12.37
1.625	12.41
1.626	12.45
1.627	12.49
1.628	12.53
1.629	12.57
1.63	12.61
1.631	12.65
1.632	12.69
1.633	12.73
1.634	12.78
1.635	12.82
1.636	12.86
1.637	12.9
1.638	12.94
1.639	12.98
1.64	13.02
1.641	13.07
1.642	13.11
1.643	13.15
1.644	13.19
1.645	13.23
1.646	13.27
1.647	13.32
1.648	13.36
1.649	13.4
1.65	13.44
1.651	13.49
1.652	13.53
1.653	13.57
1.654	13.61
1.655	13.66
1.656	13.7
1.657	13.74
1.658	13.78
1.659	13.83
1.66	13.87
1.661	13.91
1.662	13.96
1.663	14
1.664	14.04
1.665	14.08
1.666	14.13
1.667	14.17
1.668	14.21
1.669	14.26
1.67	14.3
1.671	14.35
1.672	14.39
1.673	14.43
1.674	14.48
1.675	14.52
1.676	14.57
1.677	14.61
1.678	14.65
1.679	14.7
1.68	14.74
1.681	14.79
1.682	14.83
1.683	14.87
1.684	14.92
1.685	14.96
1.686	15.01
1.687	15.05
1.688	15.1
1.689	15.14
1.69	15.19
1.691	15.23
1.692	15.28
1.693	15.32
1.694	15.37
1.695	15.41
1.696	15.46
1.697	15.5
1.698	15.55
1.699	15.6
1.7	15.64
1.701	15.69
1.702	15.73
1.703	15.78
1.704	15.82
1.705	15.87
1.706	15.92
1.707	15.96
1.708	16.01
1.709	16.05
1.71	16.1
1.711	16.15
1.712	16.19
1.713	16.24
1.714	16.29
1.715	16.33
1.716	16.38
1.717	16.43
1.718	16.47
1.719	16.52
1.72	16.57
1.721	16.61
1.722	16.66
1.723	16.71
1.724	16.76
1.725	16.8
1.726	16.85
1.727	16.9
1.728	16.95
1.729	16.99
1.73	17.04
1.731	17.09
1.732	17.14
1.733	17.18
1.734	17.23
1.735	17.28
1.736	17.33
1.737	17.38
1.738	17.42
1.739	17.47
1.74	17.52
1.741	17.57
1.742	17.62
1.743	17.67
1.744	17.72
1.745	17.76
1.746	17.81
1.747	17.86
1.748	17.91
1.749	17.96
1.75	18.01
1.751	18.06
1.752	18.11
1.753	18.16
1.754	18.2
1.755	18.25
1.756	18.3
1.757	18.35
1.758	18.4
1.759	18.45
1.76	18.5
1.761	18.55
1.762	18.6
1.763	18.65
1.764	18.7
1.765	18.75
1.766	18.8
1.767	18.85
1.768	18.9
1.769	18.95
1.77	19
1.771	19.05
1.772	19.1
1.773	19.15
1.774	19.2
1.775	19.26
1.776	19.31
1.777	19.36
1.778	19.41
1.779	19.46
1.78	19.51
1.781	19.56
1.782	19.61
1.783	19.66
1.784	19.71
1.785	19.77
1.786	19.82
1.787	19.87
1.788	19.92
1.789	19.97
1.79	20.02
1.791	20.08
1.792	20.13
1.793	20.18
1.794	20.23
1.795	20.28
1.796	20.33
1.797	20.39
1.798	20.44
1.799	20.49
1.8	20.54
1.801	20.6
1.802	20.65
1.803	20.7
1.804	20.75
1.805	20.81
1.806	20.86
1.807	20.91
1.808	20.97
1.809	21.02
1.81	21.07
1.811	21.12
1.812	21.18
1.813	21.23
1.814	21.28
1.815	21.34
1.816	21.39
1.817	21.44
1.818	21.5
1.819	21.55
1.82	21.61
1.821	21.66
1.822	21.71
1.823	21.77
1.824	21.82
1.825	21.88
1.826	21.93
1.827	21.98
1.828	22.04
1.829	22.09
1.83	22.15
1.831	22.2
1.832	22.26
1.833	22.31
1.834	22.36
1.835	22.42
1.836	22.47
1.837	22.53
1.838	22.58
1.839	22.64
1.84	22.69
1.841	22.75
1.842	22.8
1.843	22.86
1.844	22.91
1.845	22.97
1.846	23.03
1.847	23.08
1.848	23.14
1.849	23.19
1.85	23.25
1.851	23.3
1.852	23.36
1.853	23.42
1.854	23.47
1.855	23.53
1.856	23.58
1.857	23.64
1.858	23.7
1.859	23.75
1.86	23.81
1.861	23.87
1.862	23.92
1.863	23.98
1.864	24.04
1.865	24.09
1.866	24.15
1.867	24.21
1.868	24.26
1.869	24.32
1.87	24.38
1.871	24.43
1.872	24.49
1.873	24.55
1.874	24.61
1.875	24.66
1.876	24.72
1.877	24.78
1.878	24.84
1.879	24.89
1.88	24.95
1.881	25.01
1.882	25.07
1.883	25.13
1.884	25.18
1.885	25.24
1.886	25.3
1.887	25.36
1.888	25.42
1.889	25.48
1.89	25.53
1.891	25.59
1.892	25.65
1.893	25.71
1.894	25.77
1.895	25.83
1.896	25.89
1.897	25.94
1.898	26
1.899	26.06
1.9	26.12
1.901	26.18
1.902	26.24
1.903	26.3
1.904	26.36
1.905	26.42
1.906	26.48
1.907	26.54
1.908	26.6
1.909	26.66
1.91	26.72
1.911	26.78
1.912	26.84
1.913	26.9
1.914	26.96
1.915	27.02
1.916	27.08
1.917	27.14
1.918	27.2
1.919	27.26
1.92	27.32
1.921	27.38
1.922	27.44
1.923	27.5
1.924	27.56
1.925	27.62
1.926	27.68
1.927	27.74
1.928	27.8
1.929	27.87
1.93	27.93
1.931	27.99
1.932	28.05
1.933	28.11
1.934	28.17
1.935	28.23
1.936	28.29
1.937	28.36
1.938	28.42
1.939	28.48
1.94	28.54
1.941	28.6
1.942	28.67
1.943	28.73
1.944	28.79
1.945	28.85
1.946	28.91
1.947	28.98
1.948	29.04
1.949	29.1
1.95	29.16
1.951	29.23
1.952	29.29
1.953	29.35
1.954	29.41
1.955	29.48
1.956	29.54
1.957	29.6
1.958	29.67
1.959	29.73
1.96	29.79
1.961	29.86
1.962	29.92
1.963	29.98
1.964	30.05
1.965	30.11
1.966	30.17
1.967	30.24
1.968	30.3
1.969	30.36
1.97	30.43
1.971	30.49
1.972	30.56
1.973	30.62
1.974	30.68
1.975	30.75
1.976	30.81
1.977	30.88
1.978	30.94
1.979	31.01
1.98	31.07
1.981	31.13
1.982	31.2
1.983	31.26
1.984	31.33
1.985	31.39
1.986	31.46
1.987	31.52
1.988	31.59
1.989	31.65
1.99	31.72
1.991	31.78
1.992	31.85
1.993	31.91
1.994	31.98
1.995	32.05
1.996	32.11
1.997	32.18
1.998	32.24
1.999	32.31
