0	-2.841
0.001	-2.835
0.002	-2.829
0.003	-2.823
0.004	-2.817
0.005	-2.811
0.006	-2.805
0.007	-2.8
0.008	-2.794
0.009	-2.788
0.01	-2.782
0.011	-2.776
0.012	-2.77
0.013	-2.764
0.014	-2.758
0.015	-2.752
0.016	-2.747
0.017	-2.741
0.018	-2.735
0.019	-2.729
0.02	-2.723
0.021	-2.717
0.022	-2.712
0.023	-2.706
0.024	-2.7
0.025	-2.694
0.026	-2.688
0.027	-2.683
0.028	-2.677
0.029	-2.671
0.03	-2.665
0.031	-2.659
0.032	-2.654
0.033	-2.648
0.034	-2.642
0.035	-2.636
0.036	-2.631
0.037	-2.625
0.038	-2.619
0.039	-2.614
0.04	-2.608
0.041	-2.602
0.042	-2.596
0.043	-2.591
0.044	-2.585
0.045	-2.579
0.046	-2.574
0.047	-2.568
0.048	-2.562
0.049	-2.557
0.05	-2.551
0.051	-2.545
0.052	-2.54
0.053	-2.534
0.054	-2.528
0.055	-2.523
0.056	-2.517
0.057	-2.512
0.058	-2.506
0.059	-2.5
0.06	-2.495
0.061	-2.489
0.062	-2.484
0.063	-2.478
0.064	-2.473
0.065	-2.467
0.066	-2.461
0.067	-2.456
0.068	-2.45
0.069	-2.445
0.07	-2.439
0.071	-2.434
0.072	-2.428
0.073	-2.423
0.074	-2.417
0.075	-2.412
0.076	-2.406
0.077	-2.401
0.078	-2.395
0.079	-2.39
0.08	-2.384
0.081	-2.379
0.082	-2.373
0.083	-2.368
0.084	-2.363
0.085	-2.357
0.086	-2.352
0.087	-2.346
0.088	-2.341
0.089	-2.335
0.09	-2.33
0.091	-2.325
0.092	-2.319
0.093	-2.314
0.094	-2.309
0.095	-2.303
0.096	-2.298
0.097	-2.292
0.098	-2.287
0.099	-2.282
0.1	-2.276
0.101	-2.271
0.102	-2.266
0.103	-2.26
0.104	-2.255
0.105	-2.25
0.106	-2.244
0.107	-2.239
0.108	-2.234
0.109	-2.229
0.11	-2.223
0.111	-2.218
0.112	-2.213
0.113	-2.208
0.114	-2.202
0.115	-2.197
0.116	-2.192
0.117	-2.187
0.118	-2.181
0.119	-2.176
0.12	-2.171
0.121	-2.166
0.122	-2.16
0.123	-2.155
0.124	-2.15
0.125	-2.145
0.126	-2.14
0.127	-2.135
0.128	-2.129
0.129	-2.124
0.13	-2.119
0.131	-2.114
0.132	-2.109
0.133	-2.104
0.134	-2.098
0.135	-2.093
0.136	-2.088
0.137	-2.083
0.138	-2.078
0.139	-2.073
0.14	-2.068
0.141	-2.063
0.142	-2.058
0.143	-2.053
0.144	-2.047
0.145	-2.042
0.146	-2.037
0.147	-2.032
0.148	-2.027
0.149	-2.022
0.15	-2.017
0.151	-2.012
0.152	-2.007
0.153	-2.002
0.154	-1.997
0.155	-1.992
0.156	-1.987
0.157	-1.982
0.158	-1.977
0.159	-1.972
0.16	-1.967
0.161	-1.962
0.162	-1.957
0.163	-1.952
0.164	-1.947
0.165	-1.942
0.166	-1.938
0.167	-1.933
0.168	-1.928
0.169	-1.923
0.17	-1.918
0.171	-1.913
0.172	-1.908
0.173	-1.903
0.174	-1.898
0.175	-1.893
0.176	-1.889
0.177	-1.884
0.178	-1.879
0.179	-1.874
0.18	-1.869
0.181	-1.864
0.182	-1.859
0.183	-1.855
0.184	-1.85
0.185	-1.845
0.186	-1.84
0.187	-1.835
0.188	-1.831
0.189	-1.826
0.19	-1.821
0.191	-1.816
0.192	-1.811
0.193	-1.807
0.194	-1.802
0.195	-1.797
0.196	-1.792
0.197	-1.788
0.198	-1.783
0.199	-1.778
0.2	-1.773
0.201	-1.769
0.202	-1.764
0.203	-1.759
0.204	-1.755
0.205	-1.75
0.206	-1.745
0.207	-1.741
0.208	-1.736
0.209	-1.731
0.21	-1.727
0.211	-1.722
0.212	-1.717
0.213	-1.713
0.214	-1.708
0.215	-1.703
0.216	-1.699
0.217	-1.694
0.218	-1.689
0.219	-1.685
0.22	-1.68
0.221	-1.676
0.222	-1.671
0.223	-1.666
0.224	-1.662
0.225	-1.657
0.226	-1.653
0.227	-1.648
0.228	-1.644
0.229	-1.639
0.23	-1.635
0.231	-1.63
0.232	-1.625
0.233	-1.621
0.234	-1.616
0.235	-1.612
0.236	-1.607
0.237	-1.603
0.238	-1.598
0.239	-1.594
0.24	-1.59
0.241	-1.585
0.242	-1.581
0.243	-1.576
0.244	-1.572
0.245	-1.567
0.246	-1.563
0.247	-1.558
0.248	-1.554
0.249	-1.549
0.25	-1.545
0.251	-1.541
0.252	-1.536
0.253	-1.532
0.254	-1.527
0.255	-1.523
0.256	-1.519
0.257	-1.514
0.258	-1.51
0.259	-1.506
0.26	-1.501
0.261	-1.497
0.262	-1.493
0.263	-1.488
0.264	-1.484
0.265	-1.48
0.266	-1.475
0.267	-1.471
0.268	-1.467
0.269	-1.462
0.27	-1.458
0.271	-1.454
0.272	-1.449
0.273	-1.445
0.274	-1.441
0.275	-1.437
0.276	-1.432
0.277	-1.428
0.278	-1.424
0.279	-1.42
0.28	-1.415
0.281	-1.411
0.282	-1.407
0.283	-1.403
0.284	-1.399
0.285	-1.394
0.286	-1.39
0.287	-1.386
0.288	-1.382
0.289	-1.378
0.29	-1.373
0.291	-1.369
0.292	-1.365
0.293	-1.361
0.294	-1.357
0.295	-1.353
0.296	-1.349
0.297	-1.344
0.298	-1.34
0.299	-1.336
0.3	-1.332
0.301	-1.328
0.302	-1.324
0.303	-1.32
0.304	-1.316
0.305	-1.312
0.306	-1.308
0.307	-1.304
0.308	-1.3
0.309	-1.295
0.31	-1.291
0.311	-1.287
0.312	-1.283
0.313	-1.279
0.314	-1.275
0.315	-1.271
0.316	-1.267
0.317	-1.263
0.318	-1.259
0.319	-1.255
0.32	-1.251
0.321	-1.247
0.322	-1.243
0.323	-1.239
0.324	-1.235
0.325	-1.231
0.326	-1.228
0.327	-1.224
0.328	-1.22
0.329	-1.216
0.33	-1.212
0.331	-1.208
0.332	-1.204
0.333	-1.2
0.334	-1.196
0.335	-1.192
0.336	-1.188
0.337	-1.184
0.338	-1.181
0.339	-1.177
0.34	-1.173
0.341	-1.169
0.342	-1.165
0.343	-1.161
0.344	-1.158
0.345	-1.154
0.346	-1.15
0.347	-1.146
0.348	-1.142
0.349	-1.138
0.35	-1.135
0.351	-1.131
0.352	-1.127
0.353	-1.123
0.354	-1.119
0.355	-1.116
0.356	-1.112
0.357	-1.108
0.358	-1.104
0.359	-1.101
0.36	-1.097
0.361	-1.093
0.362	-1.09
0.363	-1.086
0.364	-1.082
0.365	-1.078
0.366	-1.075
0.367	-1.071
0.368	-1.067
0.369	-1.064
0.37	-1.06
0.371	-1.056
0.372	-1.053
0.373	-1.049
0.374	-1.045
0.375	-1.042
0.376	-1.038
0.377	-1.034
0.378	-1.031
0.379	-1.027
0.38	-1.024
0.381	-1.02
0.382	-1.016
0.383	-1.013
0.384	-1.009
0.385	-1.006
0.386	-1.002
0.387	-0.9984
0.388	-0.9948
0.389	-0.9913
0.39	-0.9877
0.391	-0.9842
0.392	-0.9806
0.393	-0.9771
0.394	-0.9736
0.395	-0.9701
0.396	-0.9665
0.397	-0.963
0.398	-0.9595
0.399	-0.956
0.4	-0.9525
0.401	-0.9491
0.402	-0.9456
0.403	-0.9421
0.404	-0.9386
0.405	-0.9352
0.406	-0.9317
0.407	-0.9283
0.408	-0.9248
0.409	-0.9214
0.41	-0.918
0.411	-0.9146
0.412	-0.9111
0.413	-0.9077
0.414	-0.9043
0.415	-0.9009
0.416	-0.8975
0.417	-0.8942
0.418	-0.8908
0.419	-0.8874
0.42	-0.884
0.421	-0.8807
0.422	-0.8773
0.423	-0.874
0.424	-0.8706
0.425	-0.8673
0.426	-0.864
0.427	-0.8606
0.428	-0.8573
0.429	-0.854
0.43	-0.8507
0.431	-0.8474
0.432	-0.8441
0.433	-0.8408
0.434	-0.8375
0.435	-0.8343
0.436	-0.831
0.437	-0.8277
0.438	-0.8245
0.439	-0.8212
0.44	-0.818
0.441	-0.8147
0.442	-0.8115
0.443	-0.8083
0.444	-0.8051
0.445	-0.8019
0.446	-0.7987
0.447	-0.7955
0.448	-0.7923
0.449	-0.7891
0.45	-0.7859
0.451	-0.7827
0.452	-0.7795
0.453	-0.7764
0.454	-0.7732
0.455	-0.7701
0.456	-0.7669
0.457	-0.7638
0.458	-0.7607
0.459	-0.7575
0.46	-0.7544
0.461	-0.7513
0.462	-0.7482
0.463	-0.7451
0.464	-0.742
0.465	-0.7389
0.466	-0.7358
0.467	-0.7327
0.468	-0.7297
0.469	-0.7266
0.47	-0.7235
0.471	-0.7205
0.472	-0.7174
0.473	-0.7144
0.474	-0.7114
0.475	-0.7083
0.476	-0.7053
0.477	-0.7023
0.478	-0.6993
0.479	-0.6963
0.48	-0.6933
0.481	-0.6903
0.482	-0.6873
0.483	-0.6843
0.484	-0.6814
0.485	-0.6784
0.486	-0.6754
0.487	-0.6725
0.488	-0.6695
0.489	-0.6666
0.49	-0.6637
0.491	-0.6607
0.492	-0.6578
0.493	-0.6549
0.494	-0.652
0.495	-0.6491
0.496	-0.6462
0.497	-0.6433
0.498	-0.6404
0.499	-0.6375
0.5	-0.6346
0.501	-0.6318
0.502	-0.6289
0.503	-0.6261
0.504	-0.6232
0.505	-0.6204
0.506	-0.6175
0.507	-0.6147
0.508	-0.6119
0.509	-0.6091
0.51	-0.6063
0.511	-0.6034
0.512	-0.6006
0.513	-0.5979
0.514	-0.5951
0.515	-0.5923
0.516	-0.5895
0.517	-0.5867
0.518	-0.584
0.519	-0.5812
0.52	-0.5785
0.521	-0.5757
0.522	-0.573
0.523	-0.5703
0.524	-0.5675
0.525	-0.5648
0.526	-0.5621
0.527	-0.5594
0.528	-0.5567
0.529	-0.554
0.53	-0.5513
0.531	-0.5486
0.532	-0.546
0.533	-0.5433
0.534	-0.5406
0.535	-0.538
0.536	-0.5353
0.537	-0.5327
0.538	-0.53
0.539	-0.5274
0.54	-0.5248
0.541	-0.5221
0.542	-0.5195
0.543	-0.5169
0.544	-0.5143
0.545	-0.5117
0.546	-0.5091
0.547	-0.5065
0.548	-0.504
0.549	-0.5014
0.55	-0.4988
0.551	-0.4963
0.552	-0.4937
0.553	-0.4912
0.554	-0.4886
0.555	-0.4861
0.556	-0.4836
0.557	-0.4811
0.558	-0.4785
0.559	-0.476
0.56	-0.4735
0.561	-0.471
0.562	-0.4685
0.563	-0.466
0.564	-0.4636
0.565	-0.4611
0.566	-0.4586
0.567	-0.4562
0.568	-0.4537
0.569	-0.4513
0.57	-0.4488
0.571	-0.4464
0.572	-0.444
0.573	-0.4415
0.574	-0.4391
0.575	-0.4367
0.576	-0.4343
0.577	-0.4319
0.578	-0.4295
0.579	-0.4271
0.58	-0.4247
0.581	-0.4224
0.582	-0.42
0.583	-0.4176
0.584	-0.4153
0.585	-0.4129
0.586	-0.4106
0.587	-0.4083
0.588	-0.4059
0.589	-0.4036
0.59	-0.4013
0.591	-0.399
0.592	-0.3967
0.593	-0.3944
0.594	-0.3921
0.595	-0.3898
0.596	-0.3875
0.597	-0.3852
0.598	-0.383
0.599	-0.3807
0.6	-0.3784
0.601	-0.3762
0.602	-0.3739
0.603	-0.3717
0.604	-0.3695
0.605	-0.3673
0.606	-0.365
0.607	-0.3628
0.608	-0.3606
0.609	-0.3584
0.61	-0.3562
0.611	-0.354
0.612	-0.3518
0.613	-0.3497
0.614	-0.3475
0.615	-0.3453
0.616	-0.3432
0.617	-0.341
0.618	-0.3389
0.619	-0.3367
0.62	-0.3346
0.621	-0.3325
0.622	-0.3304
0.623	-0.3282
0.624	-0.3261
0.625	-0.324
0.626	-0.3219
0.627	-0.3198
0.628	-0.3178
0.629	-0.3157
0.63	-0.3136
0.631	-0.3115
0.632	-0.3095
0.633	-0.3074
0.634	-0.3054
0.635	-0.3033
0.636	-0.3013
0.637	-0.2993
0.638	-0.2973
0.639	-0.2952
0.64	-0.2932
0.641	-0.2912
0.642	-0.2892
0.643	-0.2872
0.644	-0.2853
0.645	-0.2833
0.646	-0.2813
0.647	-0.2793
0.648	-0.2774
0.649	-0.2754
0.65	-0.2735
0.651	-0.2715
0.652	-0.2696
0.653	-0.2677
0.654	-0.2657
0.655	-0.2638
0.656	-0.2619
0.657	-0.26
0.658	-0.2581
0.659	-0.2562
0.66	-0.2543
0.661	-0.2524
0.662	-0.2506
0.663	-0.2487
0.664	-0.2468
0.665	-0.245
0.666	-0.2431
0.667	-0.2413
0.668	-0.2395
0.669	-0.2376
0.67	-0.2358
0.671	-0.234
0.672	-0.2322
0.673	-0.2304
0.674	-0.2286
0.675	-0.2268
0.676	-0.225
0.677	-0.2232
0.678	-0.2214
0.679	-0.2197
0.68	-0.2179
0.681	-0.2161
0.682	-0.2144
0.683	-0.2126
0.684	-0.2109
0.685	-0.2092
0.686	-0.2074
0.687	-0.2057
0.688	-0.204
0.689	-0.2023
0.69	-0.2006
0.691	-0.1989
0.692	-0.1972
0.693	-0.1955
0.694	-0.1939
0.695	-0.1922
0.696	-0.1905
0.697	-0.1889
0.698	-0.1872
0.699	-0.1856
0.7	-0.1839
0.701	-0.1823
0.702	-0.1807
0.703	-0.179
0.704	-0.1774
0.705	-0.1758
0.706	-0.1742
0.707	-0.1726
0.708	-0.171
0.709	-0.1694
0.71	-0.1679
0.711	-0.1663
0.712	-0.1647
0.713	-0.1632
0.714	-0.1616
0.715	-0.1601
0.716	-0.1585
0.717	-0.157
0.718	-0.1555
0.719	-0.1539
0.72	-0.1524
0.721	-0.1509
0.722	-0.1494
0.723	-0.1479
0.724	-0.1464
0.725	-0.1449
0.726	-0.1435
0.727	-0.142
0.728	-0.1405
0.729	-0.1391
0.73	-0.1376
0.731	-0.1362
0.732	-0.1347
0.733	-0.1333
0.734	-0.1318
0.735	-0.1304
0.736	-0.129
0.737	-0.1276
0.738	-0.1262
0.739	-0.1248
0.74	-0.1234
0.741	-0.122
0.742	-0.1206
0.743	-0.1193
0.744	-0.1179
0.745	-0.1165
0.746	-0.1152
0.747	-0.1138
0.748	-0.1125
0.749	-0.1111
0.75	-0.1098
0.751	-0.1085
0.752	-0.1072
0.753	-0.1058
0.754	-0.1045
0.755	-0.1032
0.756	-0.1019
0.757	-0.1007
0.758	-0.09938
0.759	-0.0981
0.76	-0.09683
0.761	-0.09557
0.762	-0.09431
0.763	-0.09306
0.764	-0.09181
0.765	-0.09057
0.766	-0.08934
0.767	-0.08812
0.768	-0.0869
0.769	-0.08568
0.77	-0.08447
0.771	-0.08327
0.772	-0.08208
0.773	-0.08089
0.774	-0.0797
0.775	-0.07853
0.776	-0.07736
0.777	-0.07619
0.778	-0.07503
0.779	-0.07388
0.78	-0.07273
0.781	-0.07159
0.782	-0.07046
0.783	-0.06933
0.784	-0.06821
0.785	-0.06709
0.786	-0.06599
0.787	-0.06488
0.788	-0.06379
0.789	-0.06269
0.79	-0.06161
0.791	-0.06053
0.792	-0.05946
0.793	-0.05839
0.794	-0.05733
0.795	-0.05628
0.796	-0.05523
0.797	-0.05419
0.798	-0.05316
0.799	-0.05213
0.8	-0.0511
0.801	-0.05009
0.802	-0.04908
0.803	-0.04807
0.804	-0.04707
0.805	-0.04608
0.806	-0.0451
0.807	-0.04412
0.808	-0.04314
0.809	-0.04218
0.81	-0.04121
0.811	-0.04026
0.812	-0.03931
0.813	-0.03837
0.814	-0.03743
0.815	-0.0365
0.816	-0.03558
0.817	-0.03466
0.818	-0.03375
0.819	-0.03284
0.82	-0.03194
0.821	-0.03105
0.822	-0.03016
0.823	-0.02928
0.824	-0.02841
0.825	-0.02754
0.826	-0.02668
0.827	-0.02582
0.828	-0.02497
0.829	-0.02412
0.83	-0.02329
0.831	-0.02246
0.832	-0.02163
0.833	-0.02081
0.834	-0.02
0.835	-0.01919
0.836	-0.01839
0.837	-0.0176
0.838	-0.01681
0.839	-0.01602
0.84	-0.01525
0.841	-0.01448
0.842	-0.01371
0.843	-0.01296
0.844	-0.01221
0.845	-0.01146
0.846	-0.01072
0.847	-0.009989
0.848	-0.009262
0.849	-0.008541
0.85	-0.007827
0.851	-0.007119
0.852	-0.006417
0.853	-0.005721
0.854	-0.005031
0.855	-0.004347
0.856	-0.00367
0.857	-0.002999
0.858	-0.002334
0.859	-0.001675
0.86	-0.001022
0.861	-0.0003756
0.862	0.0002648
0.863	0.000899
0.864	0.001527
0.865	0.002149
0.866	0.002765
0.867	0.003374
0.868	0.003977
0.869	0.004575
0.87	0.005166
0.871	0.00575
0.872	0.006329
0.873	0.006902
0.874	0.007468
0.875	0.008028
0.876	0.008582
0.877	0.00913
0.878	0.009672
0.879	0.01021
0.88	0.01074
0.881	0.01126
0.882	0.01178
0.883	0.01229
0.884	0.01279
0.885	0.01329
0.886	0.01378
0.887	0.01427
0.888	0.01475
0.889	0.01522
0.89	0.01569
0.891	0.01615
0.892	0.01661
0.893	0.01706
0.894	0.0175
0.895	0.01794
0.896	0.01837
0.897	0.01879
0.898	0.01921
0.899	0.01962
0.9	0.02003
0.901	0.02043
0.902	0.02082
0.903	0.02121
0.904	0.02159
0.905	0.02196
0.906	0.02233
0.907	0.0227
0.908	0.02305
0.909	0.0234
0.91	0.02375
0.911	0.02409
0.912	0.02442
0.913	0.02474
0.914	0.02506
0.915	0.02538
0.916	0.02568
0.917	0.02598
0.918	0.02628
0.919	0.02657
0.92	0.02685
0.921	0.02713
0.922	0.0274
0.923	0.02766
0.924	0.02792
0.925	0.02817
0.926	0.02842
0.927	0.02866
0.928	0.02889
0.929	0.02912
0.93	0.02934
0.931	0.02955
0.932	0.02976
0.933	0.02996
0.934	0.03016
0.935	0.03035
0.936	0.03053
0.937	0.03071
0.938	0.03088
0.939	0.03105
0.94	0.03121
0.941	0.03136
0.942	0.03151
0.943	0.03165
0.944	0.03178
0.945	0.03191
0.946	0.03203
0.947	0.03215
0.948	0.03226
0.949	0.03236
0.95	0.03246
0.951	0.03255
0.952	0.03264
0.953	0.03271
0.954	0.03486
0.955	0.03488
0.956	0.03489
0.957	0.03491
0.958	0.03492
0.959	0.03493
0.96	0.03495
0.961	0.03496
0.962	0.03497
0.963	0.03499
0.9639	0.03611
0.9649	0.03611
0.9659	0.03611
0.9669	0.03611
0.9679	0.03612
0.9689	0.03613
0.9699	0.03614
0.9706	0.03675
0.9716	0.03677
0.9726	0.03678
0.9736	0.03679
0.9746	0.0368
0.9756	0.03681
0.976	0.03695
0.977	0.03697
0.978	0.03699
0.979	0.03701
0.98	0.03703
0.9807	0.03753
0.9817	0.03754
0.9827	0.03755
0.9837	0.03756
0.9847	0.03757
0.9849	0.03774
0.9859	0.03773
0.9869	0.03771
0.9879	0.03769
0.9888	0.03795
0.9898	0.03798
0.9908	0.038
0.9918	0.03802
0.9925	0.03786
0.9935	0.03785
0.9945	0.03783
0.9955	0.03781
0.9961	0.03815
0.9971	0.03817
0.9981	0.03819
0.9991	0.03822
0.9996	0.03794
1.001	0.03793
1.002	0.03791
1.003	0.03788
1.003	0.03741
1.004	0.03742
1.005	0.03744
1.006	0.03746
1.007	0.03739
1.008	0.03737
1.009	0.03735
1.01	0.03733
1.011	0.03759
1.012	0.03757
1.013	0.03755
1.014	0.03754
1.015	0.03754
1.015	0.03728
1.016	0.03727
1.017	0.03727
1.018	0.03727
1.019	0.03726
1.019	0.03752
1.02	0.03753
1.021	0.03756
1.022	0.03758
1.023	0.03761
1.024	0.03758
1.025	0.03756
1.026	0.03754
1.027	0.03751
1.028	0.03748
1.029	0.03745
1.029	0.03641
1.03	0.03642
1.031	0.03643
1.032	0.03645
1.033	0.03646
1.034	0.03648
1.035	0.0365
1.036	0.03652
1.036	0.03573
1.037	0.0357
1.038	0.03567
1.039	0.03563
1.04	0.03558
1.041	0.03553
1.042	0.03548
1.043	0.03542
1.044	0.03535
1.045	0.03528
1.046	0.03521
1.047	0.03302
1.048	0.03293
1.049	0.03284
1.05	0.03275
1.051	0.03265
1.052	0.03255
1.053	0.03245
1.054	0.03234
1.055	0.03223
1.056	0.03212
1.057	0.032
1.058	0.03188
1.059	0.03175
1.06	0.03163
1.061	0.0315
1.062	0.03136
1.063	0.03122
1.064	0.03108
1.065	0.03094
1.066	0.03079
1.067	0.03064
1.068	0.03049
1.069	0.03033
1.07	0.03017
1.071	0.03001
1.072	0.02984
1.073	0.02967
1.074	0.02949
1.075	0.02932
1.076	0.02914
1.077	0.02895
1.078	0.02876
1.079	0.02857
1.08	0.02838
1.081	0.02818
1.082	0.02798
1.083	0.02778
1.084	0.02757
1.085	0.02736
1.086	0.02714
1.087	0.02693
1.088	0.02671
1.089	0.02648
1.09	0.02625
1.091	0.02602
1.092	0.02579
1.093	0.02555
1.094	0.02531
1.095	0.02507
1.096	0.02482
1.097	0.02457
1.098	0.02432
1.099	0.02406
1.1	0.0238
1.101	0.02353
1.102	0.02327
1.103	0.02299
1.104	0.02272
1.105	0.02244
1.106	0.02216
1.107	0.02188
1.108	0.02159
1.109	0.0213
1.11	0.02101
1.111	0.02071
1.112	0.02041
1.113	0.0201
1.114	0.0198
1.115	0.01949
1.116	0.01917
1.117	0.01885
1.118	0.01853
1.119	0.01821
1.12	0.01788
1.121	0.01755
1.122	0.01722
1.123	0.01688
1.124	0.01654
1.125	0.01619
1.126	0.01585
1.127	0.0155
1.128	0.01514
1.129	0.01478
1.13	0.01442
1.131	0.01406
1.132	0.01369
1.133	0.01332
1.134	0.01295
1.135	0.01257
1.136	0.01219
1.137	0.0118
1.138	0.01142
1.139	0.01103
1.14	0.01063
1.141	0.01023
1.142	0.009833
1.143	0.009429
1.144	0.009021
1.145	0.00861
1.146	0.008196
1.147	0.007778
1.148	0.007358
1.149	0.006933
1.15	0.006506
1.151	0.006075
1.152	0.005641
1.153	0.005203
1.154	0.004762
1.155	0.004318
1.156	0.00387
1.157	0.00342
1.158	0.002965
1.159	0.002508
1.16	0.002047
1.161	0.001583
1.162	0.001115
1.163	0.0006441
1.164	0.0001699
1.165	-0.0003077
1.166	-0.0007886
1.167	-0.001273
1.168	-0.00176
1.169	-0.002251
1.17	-0.002746
1.171	-0.003243
1.172	-0.003744
1.173	-0.004248
1.174	-0.004756
1.175	-0.005267
1.176	-0.005781
1.177	-0.006299
1.178	-0.00682
1.179	-0.007344
1.18	-0.007872
1.181	-0.008403
1.182	-0.008937
1.183	-0.009474
1.184	-0.01002
1.185	-0.01056
1.186	-0.01111
1.187	-0.01166
1.188	-0.01221
1.189	-0.01277
1.19	-0.01333
1.191	-0.0139
1.192	-0.01446
1.193	-0.01503
1.194	-0.01561
1.195	-0.01619
1.196	-0.01677
1.197	-0.01735
1.198	-0.01794
1.199	-0.01853
1.2	-0.01912
1.201	-0.01972
1.202	-0.02032
1.203	-0.02093
1.204	-0.02153
1.205	-0.02215
1.206	-0.02276
1.207	-0.02338
1.208	-0.024
1.209	-0.02462
1.21	-0.02525
1.211	-0.02588
1.212	-0.02652
1.213	-0.02715
1.214	-0.02779
1.215	-0.02844
1.216	-0.02909
1.217	-0.02974
1.218	-0.03039
1.219	-0.03105
1.22	-0.03171
1.221	-0.03238
1.222	-0.03304
1.223	-0.03371
1.224	-0.03439
1.225	-0.03507
1.226	-0.03575
1.227	-0.03643
1.228	-0.03712
1.229	-0.03781
1.23	-0.0385
1.231	-0.0392
1.232	-0.0399
1.233	-0.04061
1.234	-0.04132
1.235	-0.04203
1.236	-0.04274
1.237	-0.04346
1.238	-0.04418
1.239	-0.0449
1.24	-0.04563
1.241	-0.04636
1.242	-0.0471
1.243	-0.04784
1.244	-0.04858
1.245	-0.04932
1.246	-0.05007
1.247	-0.05082
1.248	-0.05157
1.249	-0.05233
1.25	-0.05309
1.251	-0.05386
1.252	-0.05463
1.253	-0.0554
1.254	-0.05617
1.255	-0.05695
1.256	-0.05773
1.257	-0.05851
1.258	-0.0593
1.259	-0.06009
1.26	-0.06089
1.261	-0.06168
1.262	-0.06249
1.263	-0.06329
1.264	-0.0641
1.265	-0.06491
1.266	-0.06572
1.267	-0.06654
1.268	-0.06736
1.269	-0.06819
1.27	-0.06902
1.271	-0.06985
1.272	-0.07068
1.273	-0.07152
1.274	-0.07236
1.275	-0.0732
1.276	-0.07405
1.277	-0.0749
1.278	-0.07576
1.279	-0.07662
1.28	-0.07748
1.281	-0.07834
1.282	-0.07921
1.283	-0.08008
1.284	-0.08095
1.285	-0.08183
1.286	-0.08271
1.287	-0.0836
1.288	-0.08449
1.289	-0.08538
1.29	-0.08627
1.291	-0.08717
1.292	-0.08807
1.293	-0.08897
1.294	-0.08988
1.295	-0.09079
1.296	-0.09171
1.297	-0.09263
1.298	-0.09355
1.299	-0.09447
1.3	-0.0954
1.301	-0.09633
1.302	-0.09727
1.303	-0.0982
1.304	-0.09914
1.305	-0.1001
1.306	-0.101
1.307	-0.102
1.308	-0.1029
1.309	-0.1039
1.31	-0.1049
1.311	-0.1058
1.312	-0.1068
1.313	-0.1078
1.314	-0.1087
1.315	-0.1097
1.316	-0.1107
1.317	-0.1117
1.318	-0.1127
1.319	-0.1137
1.32	-0.1147
1.321	-0.1157
1.322	-0.1167
1.323	-0.1177
1.324	-0.1187
1.325	-0.1197
1.326	-0.1207
1.327	-0.1217
1.328	-0.1227
1.329	-0.1238
1.33	-0.1248
1.331	-0.1258
1.332	-0.1269
1.333	-0.1279
1.334	-0.1289
1.335	-0.13
1.336	-0.131
1.337	-0.1321
1.338	-0.1331
1.339	-0.1342
1.34	-0.1352
1.341	-0.1363
1.342	-0.1374
1.343	-0.1385
1.344	-0.1395
1.345	-0.1406
1.346	-0.1417
1.347	-0.1428
1.348	-0.1439
1.349	-0.145
1.35	-0.146
1.351	-0.1471
1.352	-0.1482
1.353	-0.1493
1.354	-0.1505
1.355	-0.1516
1.356	-0.1527
1.357	-0.1538
1.358	-0.1549
1.359	-0.156
1.36	-0.1572
1.361	-0.1583
1.362	-0.1594
1.363	-0.1606
1.364	-0.1617
1.365	-0.1629
1.366	-0.164
1.367	-0.1652
1.368	-0.1663
1.369	-0.1675
1.37	-0.1686
1.371	-0.1698
1.372	-0.171
1.373	-0.1721
1.374	-0.1733
1.375	-0.1745
1.376	-0.1757
1.377	-0.1769
1.378	-0.178
1.379	-0.1792
1.38	-0.1804
1.381	-0.1816
1.382	-0.1828
1.383	-0.184
1.384	-0.1852
1.385	-0.1865
1.386	-0.1877
1.387	-0.1889
1.388	-0.1901
1.389	-0.1913
1.39	-0.1926
1.391	-0.1938
1.392	-0.195
1.393	-0.1963
1.394	-0.1975
1.395	-0.1988
1.396	-0.2
1.397	-0.2013
1.398	-0.2025
1.399	-0.2038
1.4	-0.205
1.401	-0.2063
1.402	-0.2076
1.403	-0.2088
1.404	-0.2101
1.405	-0.2114
1.406	-0.2127
1.407	-0.214
1.408	-0.2152
1.409	-0.2165
1.41	-0.2178
1.411	-0.2191
1.412	-0.2204
1.413	-0.2217
1.414	-0.223
1.415	-0.2244
1.416	-0.2257
1.417	-0.227
1.418	-0.2283
1.419	-0.2296
1.42	-0.231
1.421	-0.2323
1.422	-0.2336
1.423	-0.235
1.424	-0.2363
1.425	-0.2376
1.426	-0.239
1.427	-0.2403
1.428	-0.2417
1.429	-0.2431
1.43	-0.2444
1.431	-0.2458
1.432	-0.2472
1.433	-0.2485
1.434	-0.2499
1.435	-0.2513
1.436	-0.2527
1.437	-0.254
1.438	-0.2554
1.439	-0.2568
1.44	-0.2582
1.441	-0.2596
1.442	-0.261
1.443	-0.2624
1.444	-0.2638
1.445	-0.2652
1.446	-0.2667
1.447	-0.2681
1.448	-0.2695
1.449	-0.2709
1.45	-0.2724
1.451	-0.2738
1.452	-0.2752
1.453	-0.2767
1.454	-0.2781
1.455	-0.2795
1.456	-0.281
1.457	-0.2824
1.458	-0.2839
1.459	-0.2854
1.46	-0.2868
1.461	-0.2883
1.462	-0.2898
1.463	-0.2912
1.464	-0.2927
1.465	-0.2942
1.466	-0.2957
1.467	-0.2971
1.468	-0.2986
1.469	-0.3001
1.47	-0.3016
1.471	-0.3031
1.472	-0.3046
1.473	-0.3061
1.474	-0.3076
1.475	-0.3091
1.476	-0.3107
1.477	-0.3122
1.478	-0.3137
1.479	-0.3152
1.48	-0.3167
1.481	-0.3183
1.482	-0.3198
1.483	-0.3214
1.484	-0.3229
1.485	-0.3244
1.486	-0.326
1.487	-0.3275
1.488	-0.3291
1.489	-0.3307
1.49	-0.3322
1.491	-0.3338
1.492	-0.3353
1.493	-0.3369
1.494	-0.3385
1.495	-0.3401
1.496	-0.3417
1.497	-0.3432
1.498	-0.3448
1.499	-0.3464
1.5	-0.348
1.501	-0.3496
1.502	-0.3512
1.503	-0.3528
1.504	-0.3544
1.505	-0.356
1.506	-0.3577
1.507	-0.3593
1.508	-0.3609
1.509	-0.3625
1.51	-0.3641
1.511	-0.3658
1.512	-0.3674
1.513	-0.3691
1.514	-0.3707
1.515	-0.3723
1.516	-0.374
1.517	-0.3756
1.518	-0.3773
1.519	-0.379
1.52	-0.3806
1.521	-0.3823
1.522	-0.3839
1.523	-0.3856
1.524	-0.3873
1.525	-0.389
1.526	-0.3907
1.527	-0.3923
1.528	-0.394
1.529	-0.3957
1.53	-0.3974
1.531	-0.3991
1.532	-0.4008
1.533	-0.4025
1.534	-0.4042
1.535	-0.4059
1.536	-0.4077
1.537	-0.4094
1.538	-0.4111
1.539	-0.4128
1.54	-0.4145
1.541	-0.4163
1.542	-0.418
1.543	-0.4198
1.544	-0.4215
1.545	-0.4232
1.546	-0.425
1.547	-0.4267
1.548	-0.4285
1.549	-0.4303
1.55	-0.432
1.551	-0.4338
1.552	-0.4355
1.553	-0.4373
1.554	-0.4391
1.555	-0.4409
1.556	-0.4427
1.557	-0.4444
1.558	-0.4462
1.559	-0.448
1.56	-0.4498
1.561	-0.4516
1.562	-0.4534
1.563	-0.4552
1.564	-0.457
1.565	-0.4588
1.566	-0.4607
1.567	-0.4625
1.568	-0.4643
1.569	-0.4661
1.57	-0.4679
1.571	-0.4698
1.572	-0.4716
1.573	-0.4735
1.574	-0.4753
1.575	-0.4771
1.576	-0.479
1.577	-0.4808
1.578	-0.4827
1.579	-0.4846
1.58	-0.4864
1.581	-0.4883
1.582	-0.4901
1.583	-0.492
1.584	-0.4939
1.585	-0.4958
1.586	-0.4977
1.587	-0.4995
1.588	-0.5014
1.589	-0.5033
1.59	-0.5052
1.591	-0.5071
1.592	-0.509
1.593	-0.5109
1.594	-0.5128
1.595	-0.5147
1.596	-0.5167
1.597	-0.5186
1.598	-0.5205
1.599	-0.5224
1.6	-0.5244
1.601	-0.5263
1.602	-0.5282
1.603	-0.5302
1.604	-0.5321
1.605	-0.534
1.606	-0.536
1.607	-0.5379
1.608	-0.5399
1.609	-0.5419
1.61	-0.5438
1.611	-0.5458
1.612	-0.5478
1.613	-0.5497
1.614	-0.5517
1.615	-0.5537
1.616	-0.5557
1.617	-0.5576
1.618	-0.5596
1.619	-0.5616
1.62	-0.5636
1.621	-0.5656
1.622	-0.5676
1.623	-0.5696
1.624	-0.5716
1.625	-0.5736
1.626	-0.5757
1.627	-0.5777
1.628	-0.5797
1.629	-0.5817
1.63	-0.5838
1.631	-0.5858
1.632	-0.5878
1.633	-0.5899
1.634	-0.5919
1.635	-0.594
1.636	-0.596
1.637	-0.5981
1.638	-0.6001
1.639	-0.6022
1.64	-0.6042
1.641	-0.6063
1.642	-0.6084
1.643	-0.6104
1.644	-0.6125
1.645	-0.6146
1.646	-0.6167
1.647	-0.6188
1.648	-0.6208
1.649	-0.6229
1.65	-0.625
1.651	-0.6271
1.652	-0.6292
1.653	-0.6313
1.654	-0.6334
1.655	-0.6356
1.656	-0.6377
1.657	-0.6398
1.658	-0.6419
1.659	-0.644
1.66	-0.6462
1.661	-0.6483
1.662	-0.6504
1.663	-0.6526
1.664	-0.6547
1.665	-0.6569
1.666	-0.659
1.667	-0.6612
1.668	-0.6633
1.669	-0.6655
1.67	-0.6676
1.671	-0.6698
1.672	-0.672
1.673	-0.6741
1.674	-0.6763
1.675	-0.6785
1.676	-0.6807
1.677	-0.6829
1.678	-0.6851
1.679	-0.6872
1.68	-0.6894
1.681	-0.6916
1.682	-0.6938
1.683	-0.696
1.684	-0.6983
1.685	-0.7005
1.686	-0.7027
1.687	-0.7049
1.688	-0.7071
1.689	-0.7093
1.69	-0.7116
1.691	-0.7138
1.692	-0.716
1.693	-0.7183
1.694	-0.7205
1.695	-0.7228
1.696	-0.725
1.697	-0.7273
1.698	-0.7295
1.699	-0.7318
1.7	-0.734
1.701	-0.7363
1.702	-0.7386
1.703	-0.7409
1.704	-0.7431
1.705	-0.7454
1.706	-0.7477
1.707	-0.75
1.708	-0.7523
1.709	-0.7546
1.71	-0.7568
1.711	-0.7591
1.712	-0.7614
1.713	-0.7638
1.714	-0.7661
1.715	-0.7684
1.716	-0.7707
1.717	-0.773
1.718	-0.7753
1.719	-0.7777
1.72	-0.78
1.721	-0.7823
1.722	-0.7847
1.723	-0.787
1.724	-0.7893
1.725	-0.7917
1.726	-0.794
1.727	-0.7964
1.728	-0.7987
1.729	-0.8011
1.73	-0.8035
1.731	-0.8058
1.732	-0.8082
1.733	-0.8106
1.734	-0.8129
1.735	-0.8153
1.736	-0.8177
1.737	-0.8201
1.738	-0.8225
1.739	-0.8249
1.74	-0.8273
1.741	-0.8297
1.742	-0.8321
1.743	-0.8345
1.744	-0.8369
1.745	-0.8393
1.746	-0.8417
1.747	-0.8441
1.748	-0.8465
1.749	-0.849
1.75	-0.8514
1.751	-0.8538
1.752	-0.8563
1.753	-0.8587
1.754	-0.8611
1.755	-0.8636
1.756	-0.866
1.757	-0.8685
1.758	-0.8709
1.759	-0.8734
1.76	-0.8759
1.761	-0.8783
1.762	-0.8808
1.763	-0.8833
1.764	-0.8858
1.765	-0.8882
1.766	-0.8907
1.767	-0.8932
1.768	-0.8957
1.769	-0.8982
1.77	-0.9007
1.771	-0.9032
1.772	-0.9057
1.773	-0.9082
1.774	-0.9107
1.775	-0.9132
1.776	-0.9157
1.777	-0.9182
1.778	-0.9208
1.779	-0.9233
1.78	-0.9258
1.781	-0.9283
1.782	-0.9309
1.783	-0.9334
1.784	-0.936
1.785	-0.9385
1.786	-0.9411
1.787	-0.9436
1.788	-0.9462
1.789	-0.9487
1.79	-0.9513
1.791	-0.9539
1.792	-0.9564
1.793	-0.959
1.794	-0.9616
1.795	-0.9641
1.796	-0.9667
1.797	-0.9693
1.798	-0.9719
1.799	-0.9745
1.8	-0.9771
1.801	-0.9797
1.802	-0.9823
1.803	-0.9849
1.804	-0.9875
1.805	-0.9901
1.806	-0.9927
1.807	-0.9954
1.808	-0.998
1.809	-1.001
1.81	-1.003
1.811	-1.006
1.812	-1.008
1.813	-1.011
1.814	-1.014
1.815	-1.016
1.816	-1.019
1.817	-1.022
1.818	-1.024
1.819	-1.027
1.82	-1.03
1.821	-1.032
1.822	-1.035
1.823	-1.038
1.824	-1.04
1.825	-1.043
1.826	-1.046
1.827	-1.048
1.828	-1.051
1.829	-1.054
1.83	-1.057
1.831	-1.059
1.832	-1.062
1.833	-1.065
1.834	-1.067
1.835	-1.07
1.836	-1.073
1.837	-1.075
1.838	-1.078
1.839	-1.081
1.84	-1.084
1.841	-1.086
1.842	-1.089
1.843	-1.092
1.844	-1.095
1.845	-1.097
1.846	-1.1
1.847	-1.103
1.848	-1.106
1.849	-1.108
1.85	-1.111
1.851	-1.114
1.852	-1.117
1.853	-1.119
1.854	-1.122
1.855	-1.125
1.856	-1.128
1.857	-1.131
1.858	-1.133
1.859	-1.136
1.86	-1.139
1.861	-1.142
1.862	-1.145
1.863	-1.147
1.864	-1.15
1.865	-1.153
1.866	-1.156
1.867	-1.159
1.868	-1.161
1.869	-1.164
1.87	-1.167
1.871	-1.17
1.872	-1.173
1.873	-1.176
1.874	-1.178
1.875	-1.181
1.876	-1.184
1.877	-1.187
1.878	-1.19
1.879	-1.193
1.88	-1.196
1.881	-1.198
1.882	-1.201
1.883	-1.204
1.884	-1.207
1.885	-1.21
1.886	-1.213
1.887	-1.216
1.888	-1.219
1.889	-1.221
1.89	-1.224
1.891	-1.227
1.892	-1.23
1.893	-1.233
1.894	-1.236
1.895	-1.239
1.896	-1.242
1.897	-1.245
1.898	-1.248
1.899	-1.251
1.9	-1.253
1.901	-1.256
1.902	-1.259
1.903	-1.262
1.904	-1.265
1.905	-1.268
1.906	-1.271
1.907	-1.274
1.908	-1.277
1.909	-1.28
1.91	-1.283
1.911	-1.286
1.912	-1.289
1.913	-1.292
1.914	-1.295
1.915	-1.298
1.916	-1.301
1.917	-1.304
1.918	-1.307
1.919	-1.31
1.92	-1.313
1.921	-1.316
1.922	-1.319
1.923	-1.322
1.924	-1.325
1.925	-1.328
1.926	-1.331
1.927	-1.334
1.928	-1.337
1.929	-1.34
1.93	-1.343
1.931	-1.346
1.932	-1.349
1.933	-1.352
1.934	-1.355
1.935	-1.358
1.936	-1.361
1.937	-1.364
1.938	-1.367
1.939	-1.37
1.94	-1.373
1.941	-1.376
1.942	-1.38
1.943	-1.383
1.944	-1.386
1.945	-1.389
1.946	-1.392
1.947	-1.395
1.948	-1.398
1.949	-1.401
1.95	-1.404
1.951	-1.407
1.952	-1.41
1.953	-1.414
1.954	-1.417
1.955	-1.42
1.956	-1.423
1.957	-1.426
1.958	-1.429
1.959	-1.432
1.96	-1.435
1.961	-1.438
1.962	-1.442
1.963	-1.445
1.964	-1.448
1.965	-1.451
1.966	-1.454
1.967	-1.457
1.968	-1.46
1.969	-1.464
1.97	-1.467
1.971	-1.47
1.972	-1.473
1.973	-1.476
1.974	-1.48
1.975	-1.483
1.976	-1.486
1.977	-1.489
1.978	-1.492
1.979	-1.495
1.98	-1.499
1.981	-1.502
1.982	-1.505
1.983	-1.508
1.984	-1.511
1.985	-1.515
1.986	-1.518
1.987	-1.521
1.988	-1.524
1.989	-1.528
1.99	-1.531
1.991	-1.534
1.992	-1.537
1.993	-1.54
1.994	-1.544
1.995	-1.547
1.996	-1.55
1.997	-1.553
1.998	-1.557
1.999	-1.56
