0	1.708
0.001	1.704
0.002	1.7
0.003	1.696
0.004	1.692
0.005	1.689
0.006	1.685
0.007	1.681
0.008	1.677
0.009	1.673
0.01	1.669
0.011	1.665
0.012	1.661
0.013	1.657
0.014	1.654
0.015	1.65
0.016	1.646
0.017	1.642
0.018	1.638
0.019	1.634
0.02	1.63
0.021	1.627
0.022	1.623
0.023	1.619
0.024	1.615
0.025	1.611
0.026	1.607
0.027	1.604
0.028	1.6
0.029	1.596
0.03	1.592
0.031	1.588
0.032	1.585
0.033	1.581
0.034	1.577
0.035	1.573
0.036	1.569
0.037	1.566
0.038	1.562
0.039	1.558
0.04	1.554
0.041	1.551
0.042	1.547
0.043	1.543
0.044	1.539
0.045	1.536
0.046	1.532
0.047	1.528
0.048	1.524
0.049	1.521
0.05	1.517
0.051	1.513
0.052	1.51
0.053	1.506
0.054	1.502
0.055	1.499
0.056	1.495
0.057	1.491
0.058	1.488
0.059	1.484
0.06	1.48
0.061	1.477
0.062	1.473
0.063	1.469
0.064	1.466
0.065	1.462
0.066	1.458
0.067	1.455
0.068	1.451
0.069	1.447
0.07	1.444
0.071	1.44
0.072	1.437
0.073	1.433
0.074	1.429
0.075	1.426
0.076	1.422
0.077	1.419
0.078	1.415
0.079	1.411
0.08	1.408
0.081	1.404
0.082	1.401
0.083	1.397
0.084	1.394
0.085	1.39
0.086	1.386
0.087	1.383
0.088	1.379
0.089	1.376
0.09	1.372
0.091	1.369
0.092	1.365
0.093	1.362
0.094	1.358
0.095	1.355
0.096	1.351
0.097	1.348
0.098	1.344
0.099	1.341
0.1	1.337
0.101	1.334
0.102	1.33
0.103	1.327
0.104	1.323
0.105	1.32
0.106	1.316
0.107	1.313
0.108	1.31
0.109	1.306
0.11	1.303
0.111	1.299
0.112	1.296
0.113	1.292
0.114	1.289
0.115	1.286
0.116	1.282
0.117	1.279
0.118	1.275
0.119	1.272
0.12	1.269
0.121	1.265
0.122	1.262
0.123	1.258
0.124	1.255
0.125	1.252
0.126	1.248
0.127	1.245
0.128	1.242
0.129	1.238
0.13	1.235
0.131	1.231
0.132	1.228
0.133	1.225
0.134	1.221
0.135	1.218
0.136	1.215
0.137	1.212
0.138	1.208
0.139	1.205
0.14	1.202
0.141	1.198
0.142	1.195
0.143	1.192
0.144	1.188
0.145	1.185
0.146	1.182
0.147	1.179
0.148	1.175
0.149	1.172
0.15	1.169
0.151	1.166
0.152	1.162
0.153	1.159
0.154	1.156
0.155	1.153
0.156	1.149
0.157	1.146
0.158	1.143
0.159	1.14
0.16	1.136
0.161	1.133
0.162	1.13
0.163	1.127
0.164	1.124
0.165	1.12
0.166	1.117
0.167	1.114
0.168	1.111
0.169	1.108
0.17	1.105
0.171	1.101
0.172	1.098
0.173	1.095
0.174	1.092
0.175	1.089
0.176	1.086
0.177	1.083
0.178	1.079
0.179	1.076
0.18	1.073
0.181	1.07
0.182	1.067
0.183	1.064
0.184	1.061
0.185	1.058
0.186	1.055
0.187	1.051
0.188	1.048
0.189	1.045
0.19	1.042
0.191	1.039
0.192	1.036
0.193	1.033
0.194	1.03
0.195	1.027
0.196	1.024
0.197	1.021
0.198	1.018
0.199	1.015
0.2	1.012
0.201	1.009
0.202	1.006
0.203	1.003
0.204	0.9997
0.205	0.9967
0.206	0.9936
0.207	0.9906
0.208	0.9877
0.209	0.9847
0.21	0.9817
0.211	0.9787
0.212	0.9757
0.213	0.9728
0.214	0.9698
0.215	0.9668
0.216	0.9639
0.217	0.9609
0.218	0.958
0.219	0.955
0.22	0.9521
0.221	0.9491
0.222	0.9462
0.223	0.9433
0.224	0.9404
0.225	0.9375
0.226	0.9345
0.227	0.9316
0.228	0.9287
0.229	0.9258
0.23	0.9229
0.231	0.9201
0.232	0.9172
0.233	0.9143
0.234	0.9114
0.235	0.9085
0.236	0.9057
0.237	0.9028
0.238	0.9
0.239	0.8971
0.24	0.8943
0.241	0.8914
0.242	0.8886
0.243	0.8857
0.244	0.8829
0.245	0.8801
0.246	0.8773
0.247	0.8744
0.248	0.8716
0.249	0.8688
0.25	0.866
0.251	0.8632
0.252	0.8604
0.253	0.8576
0.254	0.8549
0.255	0.8521
0.256	0.8493
0.257	0.8465
0.258	0.8438
0.259	0.841
0.26	0.8382
0.261	0.8355
0.262	0.8327
0.263	0.83
0.264	0.8273
0.265	0.8245
0.266	0.8218
0.267	0.8191
0.268	0.8163
0.269	0.8136
0.27	0.8109
0.271	0.8082
0.272	0.8055
0.273	0.8028
0.274	0.8001
0.275	0.7974
0.276	0.7947
0.277	0.7921
0.278	0.7894
0.279	0.7867
0.28	0.784
0.281	0.7814
0.282	0.7787
0.283	0.7761
0.284	0.7734
0.285	0.7708
0.286	0.7681
0.287	0.7655
0.288	0.7629
0.289	0.7603
0.29	0.7576
0.291	0.755
0.292	0.7524
0.293	0.7498
0.294	0.7472
0.295	0.7446
0.296	0.742
0.297	0.7394
0.298	0.7368
0.299	0.7342
0.3	0.7317
0.301	0.7291
0.302	0.7265
0.303	0.724
0.304	0.7214
0.305	0.7189
0.306	0.7163
0.307	0.7138
0.308	0.7112
0.309	0.7087
0.31	0.7062
0.311	0.7036
0.312	0.7011
0.313	0.6986
0.314	0.6961
0.315	0.6936
0.316	0.6911
0.317	0.6886
0.318	0.6861
0.319	0.6836
0.32	0.6811
0.321	0.6786
0.322	0.6762
0.323	0.6737
0.324	0.6712
0.325	0.6688
0.326	0.6663
0.327	0.6638
0.328	0.6614
0.329	0.659
0.33	0.6565
0.331	0.6541
0.332	0.6516
0.333	0.6492
0.334	0.6468
0.335	0.6444
0.336	0.642
0.337	0.6396
0.338	0.6372
0.339	0.6348
0.34	0.6324
0.341	0.63
0.342	0.6276
0.343	0.6252
0.344	0.6228
0.345	0.6205
0.346	0.6181
0.347	0.6157
0.348	0.6134
0.349	0.611
0.35	0.6087
0.351	0.6063
0.352	0.604
0.353	0.6017
0.354	0.5993
0.355	0.597
0.356	0.5947
0.357	0.5924
0.358	0.5901
0.359	0.5877
0.36	0.5854
0.361	0.5831
0.362	0.5809
0.363	0.5786
0.364	0.5763
0.365	0.574
0.366	0.5717
0.367	0.5695
0.368	0.5672
0.369	0.5649
0.37	0.5627
0.371	0.5604
0.372	0.5582
0.373	0.5559
0.374	0.5537
0.375	0.5514
0.376	0.5492
0.377	0.547
0.378	0.5448
0.379	0.5426
0.38	0.5403
0.381	0.5381
0.382	0.5359
0.383	0.5337
0.384	0.5315
0.385	0.5293
0.386	0.5272
0.387	0.525
0.388	0.5228
0.389	0.5206
0.39	0.5185
0.391	0.5163
0.392	0.5141
0.393	0.512
0.394	0.5098
0.395	0.5077
0.396	0.5056
0.397	0.5034
0.398	0.5013
0.399	0.4992
0.4	0.4971
0.401	0.4949
0.402	0.4928
0.403	0.4907
0.404	0.4886
0.405	0.4865
0.406	0.4844
0.407	0.4823
0.408	0.4802
0.409	0.4782
0.41	0.4761
0.411	0.474
0.412	0.472
0.413	0.4699
0.414	0.4678
0.415	0.4658
0.416	0.4637
0.417	0.4617
0.418	0.4596
0.419	0.4576
0.42	0.4556
0.421	0.4536
0.422	0.4515
0.423	0.4495
0.424	0.4475
0.425	0.4455
0.426	0.4435
0.427	0.4415
0.428	0.4395
0.429	0.4375
0.43	0.4355
0.431	0.4336
0.432	0.4316
0.433	0.4296
0.434	0.4276
0.435	0.4257
0.436	0.4237
0.437	0.4218
0.438	0.4198
0.439	0.4179
0.44	0.4159
0.441	0.414
0.442	0.4121
0.443	0.4101
0.444	0.4082
0.445	0.4063
0.446	0.4044
0.447	0.4025
0.448	0.4006
0.449	0.3987
0.45	0.3968
0.451	0.3949
0.452	0.393
0.453	0.3911
0.454	0.3893
0.455	0.3874
0.456	0.3855
0.457	0.3837
0.458	0.3818
0.459	0.3799
0.46	0.3781
0.461	0.3763
0.462	0.3744
0.463	0.3726
0.464	0.3708
0.465	0.3689
0.466	0.3671
0.467	0.3653
0.468	0.3635
0.469	0.3617
0.47	0.3599
0.471	0.3581
0.472	0.3563
0.473	0.3545
0.474	0.3527
0.475	0.3509
0.476	0.3491
0.477	0.3474
0.478	0.3456
0.479	0.3438
0.48	0.3421
0.481	0.3403
0.482	0.3386
0.483	0.3368
0.484	0.3351
0.485	0.3334
0.486	0.3316
0.487	0.3299
0.488	0.3282
0.489	0.3265
0.49	0.3248
0.491	0.3231
0.492	0.3213
0.493	0.3196
0.494	0.318
0.495	0.3163
0.496	0.3146
0.497	0.3129
0.498	0.3112
0.499	0.3096
0.5	0.3079
0.501	0.3062
0.502	0.3046
0.503	0.3029
0.504	0.3013
0.505	0.2996
0.506	0.298
0.507	0.2963
0.508	0.2947
0.509	0.2931
0.51	0.2915
0.511	0.2899
0.512	0.2882
0.513	0.2866
0.514	0.285
0.515	0.2834
0.516	0.2818
0.517	0.2802
0.518	0.2787
0.519	0.2771
0.52	0.2755
0.521	0.2739
0.522	0.2724
0.523	0.2708
0.524	0.2692
0.525	0.2677
0.526	0.2661
0.527	0.2646
0.528	0.2631
0.529	0.2615
0.53	0.26
0.531	0.2585
0.532	0.257
0.533	0.2554
0.534	0.2539
0.535	0.2524
0.536	0.2509
0.537	0.2494
0.538	0.2479
0.539	0.2464
0.54	0.2449
0.541	0.2435
0.542	0.242
0.543	0.2405
0.544	0.2391
0.545	0.2376
0.546	0.2361
0.547	0.2347
0.548	0.2332
0.549	0.2318
0.55	0.2303
0.551	0.2289
0.552	0.2275
0.553	0.2261
0.554	0.2246
0.555	0.2232
0.556	0.2218
0.557	0.2204
0.558	0.219
0.559	0.2176
0.56	0.2162
0.561	0.2148
0.562	0.2134
0.563	0.212
0.564	0.2107
0.565	0.2093
0.566	0.2079
0.567	0.2066
0.568	0.2052
0.569	0.2039
0.57	0.2025
0.571	0.2012
0.572	0.1998
0.573	0.1985
0.574	0.1972
0.575	0.1958
0.576	0.1945
0.577	0.1932
0.578	0.1919
0.579	0.1906
0.58	0.1893
0.581	0.188
0.582	0.1867
0.583	0.1854
0.584	0.1841
0.585	0.1828
0.586	0.1816
0.587	0.1803
0.588	0.179
0.589	0.1778
0.59	0.1765
0.591	0.1752
0.592	0.174
0.593	0.1727
0.594	0.1715
0.595	0.1703
0.596	0.169
0.597	0.1678
0.598	0.1666
0.599	0.1654
0.6	0.1642
0.601	0.163
0.602	0.1618
0.603	0.1606
0.604	0.1594
0.605	0.1582
0.606	0.157
0.607	0.1558
0.608	0.1546
0.609	0.1535
0.61	0.1523
0.611	0.1511
0.612	0.15
0.613	0.1488
0.614	0.1477
0.615	0.1465
0.616	0.1454
0.617	0.1443
0.618	0.1431
0.619	0.142
0.62	0.1409
0.621	0.1398
0.622	0.1387
0.623	0.1375
0.624	0.1364
0.625	0.1353
0.626	0.1342
0.627	0.1332
0.628	0.1321
0.629	0.131
0.63	0.1299
0.631	0.1288
0.632	0.1278
0.633	0.1267
0.634	0.1257
0.635	0.1246
0.636	0.1236
0.637	0.1225
0.638	0.1215
0.639	0.1204
0.64	0.1194
0.641	0.1184
0.642	0.1174
0.643	0.1163
0.644	0.1153
0.645	0.1143
0.646	0.1133
0.647	0.1123
0.648	0.1113
0.649	0.1103
0.65	0.1094
0.651	0.1084
0.652	0.1074
0.653	0.1064
0.654	0.1055
0.655	0.1045
0.656	0.1035
0.657	0.1026
0.658	0.1016
0.659	0.1007
0.66	0.09975
0.661	0.09882
0.662	0.09789
0.663	0.09696
0.664	0.09604
0.665	0.09512
0.666	0.09421
0.667	0.0933
0.668	0.0924
0.669	0.0915
0.67	0.09061
0.671	0.08972
0.672	0.08883
0.673	0.08795
0.674	0.08708
0.675	0.08621
0.676	0.08534
0.677	0.08448
0.678	0.08362
0.679	0.08277
0.68	0.08192
0.681	0.08107
0.682	0.08023
0.683	0.0794
0.684	0.07857
0.685	0.07774
0.686	0.07692
0.687	0.07611
0.688	0.07529
0.689	0.07449
0.69	0.07368
0.691	0.07288
0.692	0.07209
0.693	0.0713
0.694	0.07051
0.695	0.06973
0.696	0.06896
0.697	0.06819
0.698	0.06742
0.699	0.06666
0.7	0.0659
0.701	0.06515
0.702	0.0644
0.703	0.06365
0.704	0.06291
0.705	0.06218
0.706	0.06145
0.707	0.06072
0.708	0.06
0.709	0.05929
0.71	0.05857
0.711	0.05787
0.712	0.05716
0.713	0.05646
0.714	0.05577
0.715	0.05508
0.716	0.0544
0.717	0.05371
0.718	0.05304
0.719	0.05237
0.72	0.0517
0.721	0.05104
0.722	0.05038
0.723	0.04973
0.724	0.04908
0.725	0.04843
0.726	0.0478
0.727	0.04716
0.728	0.04653
0.729	0.0459
0.73	0.04528
0.731	0.04467
0.732	0.04405
0.733	0.04345
0.734	0.04284
0.735	0.04224
0.736	0.04165
0.737	0.04106
0.738	0.04048
0.739	0.03989
0.74	0.03932
0.741	0.03875
0.742	0.03818
0.743	0.03762
0.744	0.03706
0.745	0.03651
0.746	0.03596
0.747	0.03541
0.748	0.03487
0.749	0.03434
0.75	0.03381
0.751	0.03328
0.752	0.03276
0.753	0.03225
0.754	0.03173
0.755	0.03123
0.756	0.03072
0.757	0.03022
0.758	0.02973
0.759	0.02924
0.76	0.02875
0.761	0.02827
0.762	0.0278
0.763	0.02733
0.764	0.02686
0.765	0.0264
0.766	0.02594
0.767	0.02549
0.768	0.02504
0.769	0.02459
0.77	0.02415
0.771	0.02372
0.772	0.02329
0.773	0.02286
0.774	0.02244
0.775	0.02202
0.776	0.02161
0.777	0.0212
0.778	0.0208
0.779	0.0204
0.78	0.02001
0.781	0.01962
0.782	0.01923
0.783	0.01885
0.784	0.01848
0.785	0.01811
0.786	0.01774
0.787	0.01738
0.788	0.01702
0.789	0.01667
0.79	0.01632
0.791	0.01597
0.792	0.01563
0.793	0.0153
0.794	0.01497
0.795	0.01464
0.796	0.01432
0.797	0.014
0.798	0.01369
0.799	0.01338
0.8	0.01308
0.801	0.01278
0.802	0.01249
0.803	0.0122
0.804	0.01191
0.805	0.01163
0.806	0.01136
0.807	0.01109
0.808	0.01082
0.809	0.01056
0.81	0.0103
0.811	0.01005
0.812	0.009797
0.813	0.009553
0.814	0.009313
0.815	0.009078
0.816	0.008847
0.817	0.008622
0.818	0.0084
0.819	0.008183
0.82	0.007971
0.821	0.007763
0.822	0.00756
0.823	0.007361
0.824	0.007167
0.825	0.006977
0.826	0.006792
0.827	0.006612
0.828	0.006436
0.829	0.006265
0.83	0.006098
0.831	0.005935
0.832	0.005778
0.833	0.005624
0.834	0.005476
0.835	0.005331
0.836	0.005192
0.837	0.005057
0.838	0.004926
0.839	0.0048
0.84	0.004679
0.841	0.004562
0.842	0.00445
0.843	0.004342
0.844	0.004239
0.845	0.00414
0.846	0.004046
0.847	0.003956
0.848	0.003871
0.849	0.003791
0.85	0.003715
0.851	0.003643
0.852	0.003576
0.853	0.003514
0.854	0.003456
0.855	0.003403
0.856	0.003354
0.857	0.00331
0.858	0.00327
0.859	0.003235
0.86	0.003205
0.861	0.003179
0.862	0.003157
0.863	0.00314
0.864	0.003128
0.865	0.00312
0.866	0.003117
0.867	0.003118
0.868	0.003124
0.869	0.003135
0.87	0.00315
0.871	0.003169
0.872	0.003193
0.873	0.003222
0.874	0.003255
0.875	0.003292
0.876	0.003334
0.877	0.003381
0.878	0.003432
0.879	0.003488
0.88	0.003549
0.881	0.003614
0.882	0.003683
0.883	0.003757
0.884	0.003836
0.885	0.003919
0.886	0.004006
0.887	0.004099
0.888	0.004195
0.889	0.004297
0.89	0.004402
0.891	0.004513
0.892	0.004628
0.893	0.004747
0.894	0.004871
0.895	0.005
0.896	0.005133
0.897	0.00527
0.898	0.005413
0.899	0.005559
0.9	0.005711
0.901	0.005866
0.902	0.006027
0.903	0.006192
0.904	0.006361
0.905	0.006535
0.906	0.006714
0.907	0.006897
0.908	0.007084
0.909	0.007276
0.91	0.007473
0.911	0.007674
0.912	0.00788
0.913	0.008091
0.914	0.008306
0.915	0.008525
0.916	0.008749
0.917	0.008977
0.918	0.009211
0.919	0.009448
0.92	0.00969
0.921	0.009937
0.922	0.01019
0.923	0.01044
0.924	0.0107
0.925	0.01097
0.926	0.01124
0.927	0.01151
0.928	0.01179
0.929	0.01207
0.93	0.01236
0.931	0.01265
0.932	0.01295
0.933	0.01325
0.934	0.01356
0.935	0.01387
0.936	0.01418
0.937	0.0145
0.938	0.01483
0.939	0.01516
0.94	0.01549
0.941	0.01583
0.942	0.01617
0.943	0.01651
0.944	0.01687
0.945	0.01722
0.946	0.01758
0.947	0.01795
0.948	0.01832
0.949	0.01869
0.95	0.01907
0.951	0.01945
0.952	0.01984
0.953	0.02023
0.954	0.02063
0.955	0.02103
0.956	0.02144
0.957	0.02185
0.958	0.02226
0.959	0.02268
0.96	0.0231
0.961	0.02353
0.962	0.02397
0.963	0.0244
0.964	0.02485
0.965	0.02529
0.966	0.02574
0.967	0.0262
0.968	0.02666
0.969	0.02712
0.97	0.02759
0.971	0.02807
0.972	0.02855
0.973	0.02903
0.974	0.02952
0.975	0.03001
0.976	0.03051
0.977	0.03101
0.978	0.03151
0.979	0.03202
0.98	0.03254
0.981	0.03306
0.982	0.03358
0.983	0.03411
0.984	0.03464
0.985	0.03518
0.986	0.03572
0.987	0.03627
0.988	0.03682
0.989	0.03738
0.99	0.03794
0.991	0.0385
0.992	0.03907
0.993	0.03964
0.994	0.04022
0.995	0.04081
0.996	0.04139
0.997	0.04199
0.998	0.04258
0.999	0.04318
1	0.04379
1.001	0.0444
1.002	0.04501
1.003	0.04563
1.004	0.04626
1.005	0.04689
1.006	0.04752
1.007	0.04816
1.008	0.0488
1.009	0.04945
1.01	0.0501
1.011	0.05075
1.012	0.05141
1.013	0.05208
1.014	0.05275
1.015	0.05342
1.016	0.0541
1.017	0.05478
1.018	0.05547
1.019	0.05616
1.02	0.05686
1.021	0.05756
1.022	0.05827
1.023	0.05898
1.024	0.05969
1.025	0.06041
1.026	0.06113
1.027	0.06305
1.028	0.06393
1.029	0.06481
1.03	0.06567
1.031	0.06653
1.032	0.06737
1.033	0.0682
1.034	0.06902
1.035	0.06983
1.036	0.07063
1.037	0.07142
1.038	0.0722
1.039	0.07297
1.04	0.07373
1.041	0.07447
1.042	0.07521
1.043	0.07593
1.044	0.07665
1.045	0.07735
1.046	0.07804
1.047	0.07873
1.048	0.0794
1.049	0.08006
1.05	0.08071
1.051	0.08361
1.052	0.08436
1.053	0.08512
1.054	0.08591
1.055	0.08671
1.056	0.08753
1.057	0.08836
1.058	0.08922
1.059	0.09009
1.06	0.09098
1.061	0.09189
1.062	0.09282
1.063	0.09376
1.064	0.09472
1.065	0.0957
1.066	0.0967
1.067	0.09771
1.067	0.09798
1.068	0.09846
1.069	0.09902
1.07	0.09964
1.071	0.1003
1.072	0.1011
1.073	0.1019
1.074	0.1029
1.075	0.1038
1.076	0.1049
1.077	0.106
1.078	0.1072
1.079	0.1085
1.08	0.1098
1.081	0.1099
1.082	0.1111
1.083	0.1123
1.084	0.1134
1.085	0.1145
1.086	0.1155
1.087	0.1165
1.088	0.1175
1.089	0.1184
1.09	0.1193
1.091	0.1201
1.092	0.1209
1.092	0.1178
1.093	0.1199
1.094	0.1217
1.095	0.1234
1.096	0.1248
1.097	0.126
1.098	0.127
1.099	0.1278
1.1	0.1284
1.101	0.1288
1.102	0.129
1.103	0.1294
1.104	0.1304
1.105	0.1314
1.106	0.1326
1.107	0.1337
1.108	0.1349
1.109	0.1362
1.11	0.1375
1.111	0.1389
1.112	0.1403
1.112	0.1399
1.113	0.1414
1.114	0.1427
1.115	0.1438
1.116	0.1448
1.117	0.1455
1.118	0.1461
1.119	0.1465
1.12	0.1467
1.121	0.1467
1.122	0.1511
1.123	0.1512
1.124	0.1515
1.125	0.1519
1.126	0.1524
1.127	0.1531
1.128	0.1539
1.129	0.1549
1.13	0.156
1.131	0.1572
1.131	0.1576
1.132	0.1583
1.133	0.1592
1.134	0.1601
1.135	0.1612
1.136	0.1624
1.137	0.1637
1.138	0.1652
1.139	0.1668
1.14	0.1685
1.14	0.165
1.141	0.1657
1.142	0.1666
1.143	0.1675
1.144	0.1685
1.145	0.1697
1.146	0.1709
1.147	0.1723
1.148	0.1737
1.149	0.1764
1.15	0.1766
1.151	0.1771
1.152	0.1778
1.153	0.1787
1.154	0.1799
1.155	0.1813
1.156	0.183
1.157	0.1849
1.158	0.187
1.158	0.1858
1.159	0.1862
1.16	0.1869
1.161	0.1877
1.162	0.1888
1.163	0.19
1.164	0.1914
1.165	0.1931
1.166	0.1949
1.167	0.1969
1.168	0.1955
1.169	0.1966
1.17	0.1976
1.171	0.1985
1.172	0.1994
1.173	0.2001
1.174	0.2007
1.175	0.2012
1.176	0.2017
1.177	0.202
1.178	0.2022
1.178	0.2046
1.179	0.2059
1.18	0.2072
1.181	0.2084
1.182	0.2094
1.183	0.2104
1.184	0.2113
1.185	0.2122
1.186	0.2129
1.187	0.2135
1.188	0.2141
1.189	0.2146
1.189	0.2155
1.19	0.2169
1.191	0.2182
1.192	0.2194
1.193	0.2206
1.194	0.2217
1.195	0.2228
1.196	0.2238
1.197	0.2247
1.198	0.2256
1.199	0.2264
1.2	0.2271
1.201	0.2278
1.202	0.2292
1.203	0.231
1.204	0.2327
1.205	0.2342
1.206	0.2355
1.207	0.2367
1.208	0.2378
1.209	0.2387
1.21	0.2394
1.211	0.24
1.212	0.2405
1.213	0.2408
1.214	0.2409
1.215	0.2409
1.216	0.2408
1.217	0.2419
1.218	0.2435
1.219	0.2451
1.22	0.2466
1.221	0.248
1.222	0.2494
1.223	0.2507
1.224	0.2519
1.225	0.2531
1.226	0.2542
1.227	0.2553
1.228	0.2563
1.229	0.2572
1.23	0.258
1.231	0.2588
1.232	0.2596
1.233	0.2602
1.234	0.2609
1.235	0.2614
1.236	0.264
1.237	0.2651
1.238	0.2662
1.239	0.2672
1.24	0.2683
1.241	0.2694
1.242	0.2704
1.243	0.2715
1.244	0.2726
1.245	0.2736
1.246	0.2747
1.247	0.2758
1.248	0.2768
1.249	0.2779
1.25	0.279
1.251	0.28
1.252	0.2811
1.253	0.2822
1.254	0.2832
1.255	0.2843
1.256	0.2853
1.257	0.2864
1.258	0.2875
1.259	0.2885
1.26	0.2896
1.261	0.2907
1.262	0.2917
1.263	0.2928
1.264	0.2938
1.264	0.2911
1.265	0.2922
1.266	0.2933
1.267	0.2944
1.268	0.2955
1.269	0.2966
1.27	0.2977
1.271	0.2988
1.272	0.2999
1.273	0.301
1.274	0.3021
1.275	0.3032
1.276	0.3043
1.277	0.3054
1.278	0.3065
1.279	0.3076
1.28	0.3086
1.281	0.3097
1.282	0.3108
1.283	0.3119
1.284	0.313
1.285	0.314
1.286	0.3151
1.287	0.3162
1.288	0.3172
1.289	0.3183
1.29	0.3194
1.291	0.3204
1.292	0.3215
1.293	0.3226
1.294	0.3236
1.295	0.3247
1.296	0.3257
1.297	0.3268
1.298	0.3278
1.299	0.3289
1.3	0.3299
1.301	0.331
1.302	0.332
1.303	0.333
1.304	0.3341
1.305	0.3351
1.306	0.3362
1.307	0.3372
1.308	0.3382
1.309	0.3392
1.31	0.3403
1.311	0.3413
1.312	0.3423
1.313	0.3433
1.314	0.3444
1.315	0.3454
1.316	0.3464
1.317	0.3474
1.318	0.3484
1.319	0.3494
1.32	0.3504
1.321	0.3514
1.322	0.3524
1.323	0.3534
1.324	0.3544
1.325	0.3554
1.326	0.3564
1.327	0.3574
1.328	0.3584
1.329	0.3594
1.33	0.3604
1.331	0.3614
1.332	0.3624
1.333	0.3634
1.334	0.3643
1.335	0.3653
1.336	0.3663
1.337	0.3673
1.338	0.3682
1.339	0.3692
1.34	0.3702
1.341	0.3711
1.342	0.3721
1.343	0.3731
1.344	0.374
1.345	0.375
1.346	0.3759
1.347	0.3769
1.348	0.3779
1.349	0.3788
1.35	0.3798
1.351	0.3807
1.352	0.3816
1.353	0.3826
1.354	0.3835
1.355	0.3845
1.356	0.3854
1.357	0.3863
1.358	0.3873
1.359	0.3882
1.36	0.3891
1.361	0.3901
1.362	0.391
1.363	0.3919
1.364	0.3928
1.365	0.3938
1.366	0.3947
1.367	0.3956
1.368	0.3965
1.369	0.3974
1.37	0.3983
1.371	0.3992
1.372	0.4001
1.373	0.4011
1.374	0.402
1.375	0.4029
1.376	0.4038
1.377	0.4047
1.378	0.4055
1.379	0.4064
1.38	0.4073
1.381	0.4082
1.382	0.4091
1.383	0.41
1.384	0.4109
1.385	0.4118
1.386	0.4126
1.387	0.4135
1.388	0.4144
1.389	0.4153
1.39	0.4161
1.391	0.417
1.392	0.4179
1.393	0.4187
1.394	0.4196
1.395	0.4205
1.396	0.4213
1.397	0.4222
1.398	0.423
1.399	0.4239
1.4	0.4248
1.401	0.4256
1.402	0.4265
1.403	0.4273
1.404	0.4281
1.405	0.429
1.406	0.4298
1.407	0.4307
1.408	0.4315
1.409	0.4323
1.41	0.4332
1.411	0.434
1.412	0.4348
1.413	0.4357
1.414	0.4365
1.415	0.4373
1.416	0.4381
1.417	0.4389
1.418	0.4398
1.419	0.4406
1.42	0.4414
1.421	0.4422
1.422	0.443
1.423	0.4438
1.424	0.4446
1.425	0.4454
1.426	0.4462
1.427	0.447
1.428	0.4478
1.429	0.4486
1.43	0.4494
1.431	0.4502
1.432	0.451
1.433	0.4518
1.434	0.4526
1.435	0.4534
1.436	0.4542
1.437	0.4549
1.438	0.4557
1.439	0.4565
1.44	0.4573
1.441	0.458
1.442	0.4588
1.443	0.4596
1.444	0.4604
1.445	0.4611
1.446	0.4619
1.447	0.4626
1.448	0.4634
1.449	0.4642
1.45	0.4649
1.451	0.4657
1.452	0.4664
1.453	0.4672
1.454	0.4679
1.455	0.4687
1.456	0.4694
1.457	0.4702
1.458	0.4709
1.459	0.4716
1.46	0.4724
1.461	0.4731
1.462	0.4738
1.463	0.4746
1.464	0.4753
1.465	0.476
1.466	0.4767
1.467	0.4775
1.468	0.4782
1.469	0.4789
1.47	0.4796
1.471	0.4803
1.472	0.4811
1.473	0.4818
1.474	0.4825
1.475	0.4832
1.476	0.4839
1.477	0.4846
1.478	0.4853
1.479	0.486
1.48	0.4867
1.481	0.4874
1.482	0.4881
1.483	0.4888
1.484	0.4895
1.485	0.4902
1.486	0.4908
1.487	0.4915
1.488	0.4922
1.489	0.4929
1.49	0.4936
1.491	0.4942
1.492	0.4949
1.493	0.4956
1.494	0.4963
1.495	0.4969
1.496	0.4976
1.497	0.4983
1.498	0.4989
1.499	0.4996
1.5	0.5003
1.501	0.5009
1.502	0.5016
1.503	0.5022
1.504	0.5029
1.505	0.5035
1.506	0.5042
1.507	0.5048
1.508	0.5055
1.509	0.5061
1.51	0.5067
1.511	0.5074
1.512	0.508
1.513	0.5086
1.514	0.5093
1.515	0.5099
1.516	0.5105
1.517	0.5112
1.518	0.5118
1.519	0.5124
1.52	0.513
1.521	0.5136
1.522	0.5143
1.523	0.5149
1.524	0.5155
1.525	0.5161
1.526	0.5167
1.527	0.5173
1.528	0.5179
1.529	0.5185
1.53	0.5191
1.531	0.5197
1.532	0.5203
1.533	0.5209
1.534	0.5215
1.535	0.5221
1.536	0.5227
1.537	0.5233
1.538	0.5239
1.539	0.5245
1.54	0.525
1.541	0.5256
1.542	0.5262
1.543	0.5268
1.544	0.5273
1.545	0.5279
1.546	0.5285
1.547	0.5291
1.548	0.5296
1.549	0.5302
1.55	0.5308
1.551	0.5313
1.552	0.5319
1.553	0.5324
1.554	0.533
1.555	0.5335
1.556	0.5341
1.557	0.5346
1.558	0.5352
1.559	0.5357
1.56	0.5363
1.561	0.5368
1.562	0.5374
1.563	0.5379
1.564	0.5384
1.565	0.539
1.566	0.5395
1.567	0.54
1.568	0.5405
1.569	0.5411
1.57	0.5416
1.571	0.5421
1.572	0.5426
1.573	0.5432
1.574	0.5437
1.575	0.5442
1.576	0.5447
1.577	0.5452
1.578	0.5457
1.579	0.5462
1.58	0.5467
1.581	0.5472
1.582	0.5477
1.583	0.5482
1.584	0.5487
1.585	0.5492
1.586	0.5497
1.587	0.5502
1.588	0.5507
1.589	0.5512
1.59	0.5517
1.591	0.5522
1.592	0.5526
1.593	0.5531
1.594	0.5536
1.595	0.5541
1.596	0.5545
1.597	0.555
1.598	0.5555
1.599	0.556
1.6	0.5564
1.601	0.5569
1.602	0.5573
1.603	0.5578
1.604	0.5583
1.605	0.5587
1.606	0.5592
1.607	0.5596
1.608	0.5601
1.609	0.5605
1.61	0.561
1.611	0.5614
1.612	0.5619
1.613	0.5623
1.614	0.5627
1.615	0.5632
1.616	0.5636
1.617	0.564
1.618	0.5645
1.619	0.5649
1.62	0.5653
1.621	0.5658
1.622	0.5662
1.623	0.5666
1.624	0.567
1.625	0.5674
1.626	0.5679
1.627	0.5683
1.628	0.5687
1.629	0.5691
1.63	0.5695
1.631	0.5699
1.632	0.5703
1.633	0.5707
1.634	0.5711
1.635	0.5715
1.636	0.5719
1.637	0.5723
1.638	0.5727
1.639	0.5731
1.64	0.5735
1.641	0.5739
1.642	0.5742
1.643	0.5746
1.644	0.575
1.645	0.5754
1.646	0.5758
1.647	0.5761
1.648	0.5765
1.649	0.5769
1.65	0.5773
1.651	0.5776
1.652	0.578
1.653	0.5784
1.654	0.5787
1.655	0.5791
1.656	0.5794
1.657	0.5798
1.658	0.5801
1.659	0.5805
1.66	0.5808
1.661	0.5812
1.662	0.5815
1.663	0.5819
1.664	0.5822
1.665	0.5826
1.666	0.5829
1.667	0.5832
1.668	0.5836
1.669	0.5839
1.67	0.5842
1.671	0.5846
1.672	0.5849
1.673	0.5852
1.674	0.5855
1.675	0.5859
1.676	0.5862
1.677	0.5865
1.678	0.5868
1.679	0.5871
1.68	0.5874
1.681	0.5878
1.682	0.5881
1.683	0.5884
1.684	0.5887
1.685	0.589
1.686	0.5893
1.687	0.5896
1.688	0.5899
1.689	0.5902
1.69	0.5904
1.691	0.5907
1.692	0.591
1.693	0.5913
1.694	0.5916
1.695	0.5919
1.696	0.5922
1.697	0.5924
1.698	0.5927
1.699	0.593
1.7	0.5933
1.701	0.5935
1.702	0.5938
1.703	0.5941
1.704	0.5943
1.705	0.5946
1.706	0.5949
1.707	0.5951
1.708	0.5954
1.709	0.5956
1.71	0.5959
1.711	0.5961
1.712	0.5964
1.713	0.5966
1.714	0.5969
1.715	0.5971
1.716	0.5974
1.717	0.5976
1.718	0.5978
1.719	0.5981
1.72	0.5983
1.721	0.5985
1.722	0.5988
1.723	0.599
1.724	0.5992
1.725	0.5995
1.726	0.5997
1.727	0.5999
1.728	0.6001
1.729	0.6003
1.73	0.6005
1.731	0.6008
1.732	0.601
1.733	0.6012
1.734	0.6014
1.735	0.6016
1.736	0.6018
1.737	0.602
1.738	0.6022
1.739	0.6024
1.74	0.6026
1.741	0.6028
1.742	0.603
1.743	0.6032
1.744	0.6034
1.745	0.6035
1.746	0.6037
1.747	0.6039
1.748	0.6041
1.749	0.6043
1.75	0.6044
1.751	0.6046
1.752	0.6048
1.753	0.605
1.754	0.6051
1.755	0.6053
1.756	0.6055
1.757	0.6056
1.758	0.6058
1.759	0.6059
1.76	0.6061
1.761	0.6062
1.762	0.6064
1.763	0.6066
1.764	0.6067
1.765	0.6068
1.766	0.607
1.767	0.6071
1.768	0.6073
1.769	0.6074
1.77	0.6076
1.771	0.6077
1.772	0.6078
1.773	0.608
1.774	0.6081
1.775	0.6082
1.776	0.6083
1.777	0.6085
1.778	0.6086
1.779	0.6087
1.78	0.6088
1.781	0.6089
1.782	0.6091
1.783	0.6092
1.784	0.6093
1.785	0.6094
1.786	0.6095
1.787	0.6096
1.788	0.6097
1.789	0.6098
1.79	0.6099
1.791	0.61
1.792	0.6101
1.793	0.6102
1.794	0.6103
1.795	0.6104
1.796	0.6104
1.797	0.6105
1.798	0.6106
1.799	0.6107
1.8	0.6108
1.801	0.6109
1.802	0.6109
1.803	0.611
1.804	0.6111
1.805	0.6111
1.806	0.6112
1.807	0.6113
1.808	0.6113
1.809	0.6114
1.81	0.6115
1.811	0.6115
1.812	0.6116
1.813	0.6116
1.814	0.6117
1.815	0.6117
1.816	0.6118
1.817	0.6118
1.818	0.6119
1.819	0.6119
1.82	0.612
1.821	0.612
1.822	0.612
1.823	0.6121
1.824	0.6121
1.825	0.6121
1.826	0.6122
1.827	0.6122
1.828	0.6122
1.829	0.6122
1.83	0.6123
1.831	0.6123
1.832	0.6123
1.833	0.6123
1.834	0.6123
1.835	0.6123
1.836	0.6124
1.837	0.6124
1.838	0.6124
1.839	0.6124
1.84	0.6124
1.841	0.6124
1.842	0.6124
1.843	0.6124
1.844	0.6124
1.845	0.6124
1.846	0.6123
1.847	0.6123
1.848	0.6123
1.849	0.6123
1.85	0.6123
1.851	0.6123
1.852	0.6122
1.853	0.6122
1.854	0.6122
1.855	0.6122
1.856	0.6121
1.857	0.6121
1.858	0.6121
1.859	0.612
1.86	0.612
1.861	0.612
1.862	0.6119
1.863	0.6119
1.864	0.6118
1.865	0.6118
1.866	0.6118
1.867	0.6117
1.868	0.6116
1.869	0.6116
1.87	0.6115
1.871	0.6115
1.872	0.6114
1.873	0.6114
1.874	0.6113
1.875	0.6112
1.876	0.6112
1.877	0.6111
1.878	0.611
1.879	0.6109
1.88	0.6109
1.881	0.6108
1.882	0.6107
1.883	0.6106
1.884	0.6106
1.885	0.6105
1.886	0.6104
1.887	0.6103
1.888	0.6102
1.889	0.6101
1.89	0.61
1.891	0.6099
1.892	0.6098
1.893	0.6097
1.894	0.6096
1.895	0.6095
1.896	0.6094
1.897	0.6093
1.898	0.6092
1.899	0.6091
1.9	0.609
1.901	0.6088
1.902	0.6087
1.903	0.6086
1.904	0.6085
1.905	0.6084
1.906	0.6082
1.907	0.6081
1.908	0.608
1.909	0.6079
1.91	0.6077
1.911	0.6076
1.912	0.6074
1.913	0.6073
1.914	0.6072
1.915	0.607
1.916	0.6069
1.917	0.6067
1.918	0.6066
1.919	0.6064
1.92	0.6063
1.921	0.6061
1.922	0.606
1.923	0.6058
1.924	0.6057
1.925	0.6055
1.926	0.6053
1.927	0.6052
1.928	0.605
1.929	0.6048
1.93	0.6047
1.931	0.6045
1.932	0.6043
1.933	0.6041
1.934	0.6039
1.935	0.6038
1.936	0.6036
1.937	0.6034
1.938	0.6032
1.939	0.603
1.94	0.6028
1.941	0.6026
1.942	0.6024
1.943	0.6022
1.944	0.602
1.945	0.6018
1.946	0.6016
1.947	0.6014
1.948	0.6012
1.949	0.601
1.95	0.6008
1.951	0.6006
1.952	0.6004
1.953	0.6002
1.954	0.5999
1.955	0.5997
1.956	0.5995
1.957	0.5993
1.958	0.5991
1.959	0.5988
1.96	0.5986
1.961	0.5984
1.962	0.5981
1.963	0.5979
1.964	0.5977
1.965	0.5974
1.966	0.5972
1.967	0.5969
1.968	0.5967
1.969	0.5964
1.97	0.5962
1.971	0.5959
1.972	0.5957
1.973	0.5954
1.974	0.5952
1.975	0.5949
1.976	0.5947
1.977	0.5944
1.978	0.5941
1.979	0.5939
1.98	0.5936
1.981	0.5933
1.982	0.5931
1.983	0.5928
1.984	0.5925
1.985	0.5922
1.986	0.5919
1.987	0.5917
1.988	0.5914
1.989	0.5911
1.99	0.5908
1.991	0.5905
1.992	0.5902
1.993	0.5899
1.994	0.5896
1.995	0.5893
1.996	0.589
1.997	0.5887
1.998	0.5884
1.999	0.5881
