0	1.191
0.001	1.189
0.002	1.186
0.003	1.183
0.004	1.181
0.005	1.178
0.006	1.175
0.007	1.173
0.008	1.17
0.009	1.167
0.01	1.165
0.011	1.162
0.012	1.16
0.013	1.157
0.014	1.154
0.015	1.152
0.016	1.149
0.017	1.147
0.018	1.144
0.019	1.141
0.02	1.139
0.021	1.136
0.022	1.134
0.023	1.131
0.024	1.128
0.025	1.126
0.026	1.123
0.027	1.121
0.028	1.118
0.029	1.116
0.03	1.113
0.031	1.111
0.032	1.108
0.033	1.105
0.034	1.103
0.035	1.1
0.036	1.098
0.037	1.095
0.038	1.093
0.039	1.09
0.04	1.088
0.041	1.085
0.042	1.083
0.043	1.08
0.044	1.078
0.045	1.075
0.046	1.073
0.047	1.07
0.048	1.068
0.049	1.065
0.05	1.063
0.051	1.06
0.052	1.058
0.053	1.055
0.054	1.053
0.055	1.05
0.056	1.048
0.057	1.045
0.058	1.043
0.059	1.04
0.06	1.038
0.061	1.035
0.062	1.033
0.063	1.03
0.064	1.028
0.065	1.025
0.066	1.023
0.067	1.02
0.068	1.018
0.069	1.016
0.07	1.013
0.071	1.011
0.072	1.008
0.073	1.006
0.074	1.003
0.075	1.001
0.076	0.9985
0.077	0.9961
0.078	0.9937
0.079	0.9913
0.08	0.9889
0.081	0.9864
0.082	0.984
0.083	0.9816
0.084	0.9792
0.085	0.9768
0.086	0.9744
0.087	0.972
0.088	0.9697
0.089	0.9673
0.09	0.9649
0.091	0.9625
0.092	0.9601
0.093	0.9578
0.094	0.9554
0.095	0.953
0.096	0.9506
0.097	0.9483
0.098	0.9459
0.099	0.9436
0.1	0.9412
0.101	0.9389
0.102	0.9365
0.103	0.9342
0.104	0.9318
0.105	0.9295
0.106	0.9271
0.107	0.9248
0.108	0.9225
0.109	0.9202
0.11	0.9178
0.111	0.9155
0.112	0.9132
0.113	0.9109
0.114	0.9086
0.115	0.9062
0.116	0.9039
0.117	0.9016
0.118	0.8993
0.119	0.897
0.12	0.8947
0.121	0.8924
0.122	0.8902
0.123	0.8879
0.124	0.8856
0.125	0.8833
0.126	0.881
0.127	0.8788
0.128	0.8765
0.129	0.8742
0.13	0.8719
0.131	0.8697
0.132	0.8674
0.133	0.8652
0.134	0.8629
0.135	0.8607
0.136	0.8584
0.137	0.8562
0.138	0.8539
0.139	0.8517
0.14	0.8494
0.141	0.8472
0.142	0.845
0.143	0.8428
0.144	0.8405
0.145	0.8383
0.146	0.8361
0.147	0.8339
0.148	0.8317
0.149	0.8294
0.15	0.8272
0.151	0.825
0.152	0.8228
0.153	0.8206
0.154	0.8184
0.155	0.8162
0.156	0.8141
0.157	0.8119
0.158	0.8097
0.159	0.8075
0.16	0.8053
0.161	0.8031
0.162	0.801
0.163	0.7988
0.164	0.7966
0.165	0.7945
0.166	0.7923
0.167	0.7902
0.168	0.788
0.169	0.7859
0.17	0.7837
0.171	0.7816
0.172	0.7794
0.173	0.7773
0.174	0.7751
0.175	0.773
0.176	0.7709
0.177	0.7687
0.178	0.7666
0.179	0.7645
0.18	0.7624
0.181	0.7603
0.182	0.7581
0.183	0.756
0.184	0.7539
0.185	0.7518
0.186	0.7497
0.187	0.7476
0.188	0.7455
0.189	0.7434
0.19	0.7413
0.191	0.7393
0.192	0.7372
0.193	0.7351
0.194	0.733
0.195	0.7309
0.196	0.7289
0.197	0.7268
0.198	0.7247
0.199	0.7227
0.2	0.7206
0.201	0.7185
0.202	0.7165
0.203	0.7144
0.204	0.7124
0.205	0.7103
0.206	0.7083
0.207	0.7063
0.208	0.7042
0.209	0.7022
0.21	0.7002
0.211	0.6981
0.212	0.6961
0.213	0.6941
0.214	0.6921
0.215	0.69
0.216	0.688
0.217	0.686
0.218	0.684
0.219	0.682
0.22	0.68
0.221	0.678
0.222	0.676
0.223	0.674
0.224	0.672
0.225	0.67
0.226	0.668
0.227	0.6661
0.228	0.6641
0.229	0.6621
0.23	0.6601
0.231	0.6582
0.232	0.6562
0.233	0.6542
0.234	0.6523
0.235	0.6503
0.236	0.6484
0.237	0.6464
0.238	0.6445
0.239	0.6425
0.24	0.6406
0.241	0.6386
0.242	0.6367
0.243	0.6348
0.244	0.6328
0.245	0.6309
0.246	0.629
0.247	0.627
0.248	0.6251
0.249	0.6232
0.25	0.6213
0.251	0.6194
0.252	0.6175
0.253	0.6156
0.254	0.6137
0.255	0.6118
0.256	0.6099
0.257	0.608
0.258	0.6061
0.259	0.6042
0.26	0.6023
0.261	0.6004
0.262	0.5986
0.263	0.5967
0.264	0.5948
0.265	0.5929
0.266	0.5911
0.267	0.5892
0.268	0.5873
0.269	0.5855
0.27	0.5836
0.271	0.5818
0.272	0.5799
0.273	0.5781
0.274	0.5762
0.275	0.5744
0.276	0.5726
0.277	0.5707
0.278	0.5689
0.279	0.5671
0.28	0.5652
0.281	0.5634
0.282	0.5616
0.283	0.5598
0.284	0.558
0.285	0.5561
0.286	0.5543
0.287	0.5525
0.288	0.5507
0.289	0.5489
0.29	0.5471
0.291	0.5453
0.292	0.5435
0.293	0.5418
0.294	0.54
0.295	0.5382
0.296	0.5364
0.297	0.5346
0.298	0.5329
0.299	0.5311
0.3	0.5293
0.301	0.5276
0.302	0.5258
0.303	0.524
0.304	0.5223
0.305	0.5205
0.306	0.5188
0.307	0.517
0.308	0.5153
0.309	0.5135
0.31	0.5118
0.311	0.5101
0.312	0.5083
0.313	0.5066
0.314	0.5049
0.315	0.5032
0.316	0.5014
0.317	0.4997
0.318	0.498
0.319	0.4963
0.32	0.4946
0.321	0.4929
0.322	0.4912
0.323	0.4895
0.324	0.4878
0.325	0.4861
0.326	0.4844
0.327	0.4827
0.328	0.481
0.329	0.4793
0.33	0.4777
0.331	0.476
0.332	0.4743
0.333	0.4726
0.334	0.471
0.335	0.4693
0.336	0.4676
0.337	0.466
0.338	0.4643
0.339	0.4627
0.34	0.461
0.341	0.4594
0.342	0.4577
0.343	0.4561
0.344	0.4545
0.345	0.4528
0.346	0.4512
0.347	0.4496
0.348	0.4479
0.349	0.4463
0.35	0.4447
0.351	0.4431
0.352	0.4415
0.353	0.4398
0.354	0.4382
0.355	0.4366
0.356	0.435
0.357	0.4334
0.358	0.4318
0.359	0.4302
0.36	0.4286
0.361	0.4271
0.362	0.4255
0.363	0.4239
0.364	0.4223
0.365	0.4207
0.366	0.4192
0.367	0.4176
0.368	0.416
0.369	0.4145
0.37	0.4129
0.371	0.4113
0.372	0.4098
0.373	0.4082
0.374	0.4067
0.375	0.4051
0.376	0.4036
0.377	0.402
0.378	0.4005
0.379	0.399
0.38	0.3974
0.381	0.3959
0.382	0.3944
0.383	0.3928
0.384	0.3913
0.385	0.3898
0.386	0.3883
0.387	0.3868
0.388	0.3853
0.389	0.3838
0.39	0.3823
0.391	0.3808
0.392	0.3793
0.393	0.3778
0.394	0.3763
0.395	0.3748
0.396	0.3733
0.397	0.3718
0.398	0.3703
0.399	0.3689
0.4	0.3674
0.401	0.3659
0.402	0.3644
0.403	0.363
0.404	0.3615
0.405	0.3601
0.406	0.3586
0.407	0.3572
0.408	0.3557
0.409	0.3543
0.41	0.3528
0.411	0.3514
0.412	0.3499
0.413	0.3485
0.414	0.3471
0.415	0.3456
0.416	0.3442
0.417	0.3428
0.418	0.3414
0.419	0.3399
0.42	0.3385
0.421	0.3371
0.422	0.3357
0.423	0.3343
0.424	0.3329
0.425	0.3315
0.426	0.3301
0.427	0.3287
0.428	0.3273
0.429	0.3259
0.43	0.3245
0.431	0.3231
0.432	0.3218
0.433	0.3204
0.434	0.319
0.435	0.3176
0.436	0.3163
0.437	0.3149
0.438	0.3135
0.439	0.3122
0.44	0.3108
0.441	0.3095
0.442	0.3081
0.443	0.3068
0.444	0.3054
0.445	0.3041
0.446	0.3027
0.447	0.3014
0.448	0.3001
0.449	0.2987
0.45	0.2974
0.451	0.2961
0.452	0.2948
0.453	0.2935
0.454	0.2921
0.455	0.2908
0.456	0.2895
0.457	0.2882
0.458	0.2869
0.459	0.2856
0.46	0.2843
0.461	0.283
0.462	0.2817
0.463	0.2804
0.464	0.2791
0.465	0.2779
0.466	0.2766
0.467	0.2753
0.468	0.274
0.469	0.2728
0.47	0.2715
0.471	0.2702
0.472	0.269
0.473	0.2677
0.474	0.2664
0.475	0.2652
0.476	0.2639
0.477	0.2627
0.478	0.2614
0.479	0.2602
0.48	0.259
0.481	0.2577
0.482	0.2565
0.483	0.2553
0.484	0.254
0.485	0.2528
0.486	0.2516
0.487	0.2504
0.488	0.2492
0.489	0.2479
0.49	0.2467
0.491	0.2455
0.492	0.2443
0.493	0.2431
0.494	0.2419
0.495	0.2407
0.496	0.2395
0.497	0.2383
0.498	0.2372
0.499	0.236
0.5	0.2348
0.501	0.2336
0.502	0.2324
0.503	0.2313
0.504	0.2301
0.505	0.2289
0.506	0.2278
0.507	0.2266
0.508	0.2254
0.509	0.2243
0.51	0.2231
0.511	0.222
0.512	0.2208
0.513	0.2197
0.514	0.2186
0.515	0.2174
0.516	0.2163
0.517	0.2152
0.518	0.214
0.519	0.2129
0.52	0.2118
0.521	0.2107
0.522	0.2096
0.523	0.2084
0.524	0.2073
0.525	0.2062
0.526	0.2051
0.527	0.204
0.528	0.2029
0.529	0.2018
0.53	0.2007
0.531	0.1996
0.532	0.1986
0.533	0.1975
0.534	0.1964
0.535	0.1953
0.536	0.1942
0.537	0.1932
0.538	0.1921
0.539	0.191
0.54	0.19
0.541	0.1889
0.542	0.1878
0.543	0.1868
0.544	0.1857
0.545	0.1847
0.546	0.1836
0.547	0.1826
0.548	0.1816
0.549	0.1805
0.55	0.1795
0.551	0.1785
0.552	0.1774
0.553	0.1764
0.554	0.1754
0.555	0.1744
0.556	0.1733
0.557	0.1723
0.558	0.1713
0.559	0.1703
0.56	0.1693
0.561	0.1683
0.562	0.1673
0.563	0.1663
0.564	0.1653
0.565	0.1643
0.566	0.1633
0.567	0.1624
0.568	0.1614
0.569	0.1604
0.57	0.1594
0.571	0.1585
0.572	0.1575
0.573	0.1565
0.574	0.1556
0.575	0.1546
0.576	0.1536
0.577	0.1527
0.578	0.1517
0.579	0.1508
0.58	0.1498
0.581	0.1489
0.582	0.1479
0.583	0.147
0.584	0.1461
0.585	0.1451
0.586	0.1442
0.587	0.1433
0.588	0.1424
0.589	0.1414
0.59	0.1405
0.591	0.1396
0.592	0.1387
0.593	0.1378
0.594	0.1369
0.595	0.136
0.596	0.1351
0.597	0.1342
0.598	0.1333
0.599	0.1324
0.6	0.1315
0.601	0.1306
0.602	0.1298
0.603	0.1289
0.604	0.128
0.605	0.1271
0.606	0.1263
0.607	0.1254
0.608	0.1245
0.609	0.1237
0.61	0.1228
0.611	0.122
0.612	0.1211
0.613	0.1203
0.614	0.1194
0.615	0.1186
0.616	0.1177
0.617	0.1169
0.618	0.1161
0.619	0.1152
0.62	0.1144
0.621	0.1136
0.622	0.1127
0.623	0.1119
0.624	0.1111
0.625	0.1103
0.626	0.1095
0.627	0.1087
0.628	0.1079
0.629	0.1071
0.63	0.1063
0.631	0.1055
0.632	0.1047
0.633	0.1039
0.634	0.1031
0.635	0.1023
0.636	0.1015
0.637	0.1008
0.638	0.09998
0.639	0.0992
0.64	0.09843
0.641	0.09767
0.642	0.0969
0.643	0.09614
0.644	0.09538
0.645	0.09463
0.646	0.09388
0.647	0.09313
0.648	0.09238
0.649	0.09164
0.65	0.0909
0.651	0.09016
0.652	0.08942
0.653	0.08869
0.654	0.08796
0.655	0.08724
0.656	0.08651
0.657	0.08579
0.658	0.08508
0.659	0.08436
0.66	0.08365
0.661	0.08294
0.662	0.08224
0.663	0.08153
0.664	0.08083
0.665	0.08014
0.666	0.07944
0.667	0.07875
0.668	0.07806
0.669	0.07738
0.67	0.0767
0.671	0.07602
0.672	0.07534
0.673	0.07467
0.674	0.074
0.675	0.07333
0.676	0.07267
0.677	0.07201
0.678	0.07135
0.679	0.07069
0.68	0.07004
0.681	0.06939
0.682	0.06874
0.683	0.0681
0.684	0.06746
0.685	0.06682
0.686	0.06618
0.687	0.06555
0.688	0.06492
0.689	0.0643
0.69	0.06367
0.691	0.06305
0.692	0.06243
0.693	0.06182
0.694	0.06121
0.695	0.0606
0.696	0.05999
0.697	0.05939
0.698	0.05879
0.699	0.05819
0.7	0.0576
0.701	0.05701
0.702	0.05642
0.703	0.05584
0.704	0.05525
0.705	0.05467
0.706	0.0541
0.707	0.05352
0.708	0.05295
0.709	0.05239
0.71	0.05182
0.711	0.05126
0.712	0.0507
0.713	0.05015
0.714	0.04959
0.715	0.04904
0.716	0.04849
0.717	0.04795
0.718	0.04741
0.719	0.04687
0.72	0.04634
0.721	0.0458
0.722	0.04527
0.723	0.04475
0.724	0.04422
0.725	0.0437
0.726	0.04319
0.727	0.04267
0.728	0.04216
0.729	0.04165
0.73	0.04114
0.731	0.04064
0.732	0.04014
0.733	0.03964
0.734	0.03915
0.735	0.03866
0.736	0.03817
0.737	0.03768
0.738	0.0372
0.739	0.03672
0.74	0.03625
0.741	0.03577
0.742	0.0353
0.743	0.03483
0.744	0.03437
0.745	0.03391
0.746	0.03345
0.747	0.03299
0.748	0.03254
0.749	0.03209
0.75	0.03164
0.751	0.0312
0.752	0.03075
0.753	0.03032
0.754	0.02988
0.755	0.02945
0.756	0.02902
0.757	0.02859
0.758	0.02817
0.759	0.02775
0.76	0.02733
0.761	0.02691
0.762	0.0265
0.763	0.02609
0.764	0.02568
0.765	0.02528
0.766	0.02488
0.767	0.02448
0.768	0.02409
0.769	0.0237
0.77	0.02331
0.771	0.02292
0.772	0.02254
0.773	0.02216
0.774	0.02178
0.775	0.02141
0.776	0.02104
0.777	0.02067
0.778	0.02031
0.779	0.01994
0.78	0.01958
0.781	0.01923
0.782	0.01887
0.783	0.01852
0.784	0.01818
0.785	0.01783
0.786	0.01749
0.787	0.01715
0.788	0.01681
0.789	0.01648
0.79	0.01615
0.791	0.01582
0.792	0.0155
0.793	0.01518
0.794	0.01486
0.795	0.01455
0.796	0.01423
0.797	0.01392
0.798	0.01362
0.799	0.01331
0.8	0.01301
0.801	0.01272
0.802	0.01242
0.803	0.01213
0.804	0.01184
0.805	0.01155
0.806	0.01127
0.807	0.01099
0.808	0.01071
0.809	0.01044
0.81	0.01017
0.811	0.0099
0.812	0.009634
0.813	0.009372
0.814	0.009112
0.815	0.008855
0.816	0.008602
0.817	0.008351
0.818	0.008103
0.819	0.007858
0.82	0.007616
0.821	0.007377
0.822	0.007141
0.823	0.006908
0.824	0.006678
0.825	0.00645
0.826	0.006226
0.827	0.006004
0.828	0.005786
0.829	0.00557
0.83	0.005358
0.831	0.005148
0.832	0.004941
0.833	0.004737
0.834	0.004537
0.835	0.004339
0.836	0.004144
0.837	0.003951
0.838	0.003762
0.839	0.003576
0.84	0.003393
0.841	0.003212
0.842	0.003035
0.843	0.00286
0.844	0.002689
0.845	0.00252
0.846	0.002355
0.847	0.002192
0.848	0.002032
0.849	0.001875
0.85	0.001721
0.851	0.00157
0.852	0.001422
0.853	0.001277
0.854	0.001135
0.855	0.0009952
0.856	0.0008589
0.857	0.0007255
0.858	0.000595
0.859	0.0004674
0.86	0.0003428
0.861	0.0002211
0.862	0.0001023
0.863	0
0.864	0
0.865	0
0.866	0
0.867	0
0.868	0
0.869	0
0.87	0
0.871	0
0.872	0
0.873	0
0.874	0
0.875	0
0.876	0
0.877	0
0.878	0
0.879	0
0.88	0
0.881	0
0.882	0
0.883	0
0.884	0
0.885	0
0.886	0
0.887	0
0.888	0
0.889	0
0.89	0
0.891	0
0.892	0
0.893	0
0.894	0
0.895	0
0.896	0
0.897	0
0.898	0
0.899	0
0.9	0
0.901	0
0.902	0
0.903	0
0.904	0
0.905	0
0.906	0
0.907	0
0.908	0
0.909	0
0.91	0
0.911	0
0.912	0
0.913	0
0.914	0
0.915	0
0.916	0
0.917	0
0.918	0
0.919	0
0.92	0
0.921	0
0.922	0
0.923	0
0.924	0
0.925	0
0.926	0
0.927	0
0.928	0
0.929	0
0.93	0
0.931	0
0.932	0
0.933	0
0.934	0
0.935	0
0.936	0
0.937	0
0.938	0
0.939	0
0.94	0
0.941	0
0.942	0.0001069
0.943	0.0002258
0.944	0.0003476
0.945	0.0004723
0.946	0.0006
0.947	0.0007306
0.948	0.0008641
0.949	0.001001
0.95	0.00114
0.951	0.001282
0.952	0.001428
0.953	0.001576
0.954	0.001727
0.955	0.001881
0.956	0.002038
0.957	0.002198
0.958	0.002361
0.959	0.002527
0.96	0.002695
0.961	0.002867
0.962	0.003042
0.963	0.003219
0.964	0.0034
0.965	0.003583
0.966	0.00377
0.967	0.003959
0.968	0.004151
0.969	0.004346
0.97	0.004544
0.971	0.004745
0.972	0.004949
0.973	0.005156
0.974	0.005366
0.975	0.005579
0.976	0.005794
0.977	0.006013
0.978	0.006235
0.979	0.006459
0.98	0.006687
0.981	0.006917
0.982	0.00715
0.983	0.007386
0.984	0.007626
0.985	0.007868
0.986	0.008113
0.987	0.008361
0.988	0.008612
0.989	0.008865
0.99	0.009122
0.991	0.009382
0.992	0.009644
0.9929	0.01036
0.9939	0.01084
0.9949	0.01133
0.9959	0.01183
0.9969	0.01234
0.9979	0.01286
0.9989	0.0134
0.9999	0.01394
1.001	0.0145
1.002	0.01506
1.003	0.01564
1.004	0.01623
1.005	0.01683
1.006	0.01744
1.007	0.01807
1.008	0.0187
1.009	0.01934
1.01	0.02
1.011	0.02067
1.012	0.02134
1.013	0.02203
1.014	0.02273
1.015	0.02345
1.016	0.02417
1.017	0.0249
1.018	0.02565
1.019	0.0264
1.02	0.02717
1.021	0.02795
1.022	0.02874
1.023	0.02954
1.024	0.03035
1.025	0.03117
1.026	0.032
1.027	0.03285
1.028	0.03404
1.029	0.0349
1.03	0.03577
1.031	0.03664
1.032	0.03751
1.033	0.03839
1.034	0.03927
1.035	0.04015
1.036	0.04104
1.037	0.04194
1.038	0.04283
1.039	0.04373
1.04	0.04464
1.041	0.04555
1.042	0.04646
1.043	0.04738
1.044	0.0483
1.045	0.04923
1.046	0.05016
1.047	0.05109
1.048	0.05203
1.049	0.05297
1.05	0.05392
1.051	0.05487
1.052	0.05644
1.053	0.05744
1.054	0.05843
1.055	0.05943
1.056	0.06042
1.057	0.06142
1.058	0.06241
1.059	0.0634
1.06	0.06439
1.061	0.06538
1.062	0.06637
1.063	0.06735
1.064	0.06834
1.065	0.06932
1.066	0.07031
1.067	0.07129
1.068	0.07227
1.069	0.07325
1.07	0.07423
1.071	0.07521
1.071	0.0751
1.072	0.0761
1.073	0.0771
1.074	0.0781
1.075	0.0791
1.076	0.0801
1.077	0.0811
1.078	0.0821
1.079	0.08311
1.08	0.08411
1.081	0.08512
1.082	0.08612
1.083	0.08713
1.084	0.08814
1.085	0.08915
1.086	0.09016
1.087	0.09117
1.088	0.09218
1.088	0.09142
1.089	0.09242
1.09	0.09342
1.091	0.09442
1.092	0.09542
1.093	0.09643
1.094	0.09743
1.095	0.09844
1.096	0.09945
1.097	0.1005
1.098	0.1015
1.099	0.1025
1.1	0.1035
1.101	0.1045
1.102	0.1055
1.103	0.1065
1.103	0.1072
1.104	0.1082
1.105	0.1092
1.106	0.1102
1.107	0.1111
1.108	0.1121
1.109	0.1131
1.11	0.1141
1.111	0.1151
1.112	0.1161
1.113	0.1171
1.114	0.1181
1.115	0.1191
1.116	0.1201
1.117	0.1211
1.118	0.1216
1.119	0.1227
1.12	0.1237
1.121	0.1247
1.122	0.1257
1.123	0.1268
1.124	0.1278
1.125	0.1288
1.126	0.1298
1.127	0.1309
1.128	0.1319
1.129	0.1329
1.13	0.1339
1.131	0.135
1.132	0.1355
1.133	0.1365
1.134	0.1375
1.135	0.1384
1.136	0.1394
1.137	0.1404
1.138	0.1414
1.139	0.1423
1.14	0.1433
1.141	0.1443
1.142	0.1453
1.143	0.1462
1.144	0.1472
1.145	0.1482
1.145	0.1503
1.146	0.1513
1.147	0.1523
1.148	0.1533
1.149	0.1543
1.15	0.1553
1.151	0.1563
1.152	0.1573
1.153	0.1583
1.154	0.1593
1.155	0.1603
1.156	0.1613
1.157	0.1623
1.158	0.1633
1.159	0.1636
1.16	0.1645
1.161	0.1655
1.162	0.1665
1.163	0.1674
1.164	0.1684
1.165	0.1694
1.166	0.1703
1.167	0.1713
1.168	0.1723
1.169	0.1732
1.17	0.1742
1.171	0.1752
1.172	0.1762
1.173	0.1771
1.174	0.1781
1.175	0.1791
1.176	0.1801
1.177	0.1811
1.178	0.1821
1.179	0.1831
1.18	0.1841
1.181	0.1851
1.182	0.1861
1.183	0.1871
1.184	0.1881
1.185	0.1891
1.186	0.1901
1.187	0.1911
1.187	0.1909
1.188	0.1919
1.189	0.1929
1.19	0.1939
1.191	0.1949
1.192	0.1959
1.193	0.1969
1.194	0.198
1.195	0.199
1.196	0.2
1.197	0.201
1.198	0.202
1.199	0.203
1.2	0.204
1.201	0.2051
1.202	0.2059
1.203	0.2069
1.204	0.2079
1.205	0.209
1.206	0.21
1.207	0.211
1.208	0.212
1.209	0.2131
1.21	0.2141
1.211	0.2151
1.212	0.2161
1.213	0.2171
1.214	0.2182
1.215	0.2192
1.216	0.2202
1.217	0.2212
1.218	0.2217
1.219	0.2227
1.22	0.2237
1.221	0.2247
1.222	0.2257
1.223	0.2267
1.224	0.2277
1.225	0.2286
1.226	0.2296
1.227	0.2306
1.228	0.2316
1.229	0.2326
1.23	0.2336
1.231	0.2346
1.232	0.2356
1.233	0.2365
1.234	0.2375
1.235	0.2385
1.235	0.239
1.236	0.24
1.237	0.241
1.238	0.242
1.239	0.243
1.24	0.244
1.241	0.245
1.242	0.246
1.243	0.247
1.244	0.248
1.245	0.249
1.246	0.25
1.247	0.251
1.248	0.252
1.249	0.253
1.25	0.254
1.251	0.255
1.252	0.256
1.253	0.257
1.254	0.258
1.254	0.2588
1.255	0.2598
1.256	0.2608
1.257	0.2618
1.258	0.2628
1.259	0.2638
1.26	0.2648
1.261	0.2658
1.262	0.2668
1.263	0.2678
1.264	0.2688
1.265	0.2698
1.266	0.2708
1.267	0.2718
1.268	0.2728
1.269	0.2738
1.27	0.2748
1.271	0.2757
1.272	0.2767
1.273	0.2777
1.274	0.2787
1.275	0.2797
1.276	0.2806
1.277	0.2815
1.278	0.2825
1.279	0.2835
1.28	0.2846
1.281	0.2856
1.282	0.2866
1.283	0.2876
1.284	0.2886
1.285	0.2896
1.286	0.2907
1.287	0.2917
1.288	0.2927
1.289	0.2937
1.29	0.2947
1.291	0.2957
1.292	0.2967
1.293	0.2977
1.294	0.2987
1.295	0.2997
1.296	0.3007
1.297	0.3017
1.298	0.3027
1.299	0.3037
1.3	0.3047
1.301	0.3057
1.302	0.3067
1.303	0.3077
1.304	0.3086
1.305	0.3096
1.306	0.3106
1.307	0.3116
1.308	0.3126
1.309	0.3135
1.31	0.3145
1.311	0.3155
1.312	0.3165
1.313	0.3175
1.314	0.3184
1.315	0.3194
1.316	0.3204
1.317	0.3214
1.318	0.3224
1.319	0.3234
1.32	0.3244
1.321	0.3253
1.322	0.3263
1.323	0.3273
1.324	0.3283
1.325	0.3293
1.326	0.3303
1.327	0.3313
1.328	0.3323
1.329	0.3333
1.33	0.3343
1.331	0.3353
1.332	0.3363
1.333	0.3373
1.334	0.3382
1.335	0.3392
1.336	0.3402
1.337	0.3412
1.338	0.3423
1.339	0.3433
1.34	0.3443
1.341	0.3453
1.342	0.3463
1.343	0.3473
1.344	0.3483
1.345	0.3493
1.346	0.3503
1.347	0.3513
1.348	0.3523
1.349	0.3533
1.35	0.3543
1.351	0.3553
1.352	0.3564
1.353	0.3574
1.354	0.3584
1.355	0.3594
1.356	0.3604
1.357	0.3614
1.358	0.3625
1.359	0.3635
1.36	0.3645
1.361	0.3655
1.362	0.3665
1.363	0.3675
1.364	0.3685
1.365	0.3695
1.366	0.3706
1.367	0.3716
1.368	0.3726
1.369	0.3736
1.37	0.3746
1.371	0.3756
1.372	0.3766
1.373	0.3776
1.374	0.3786
1.375	0.3797
1.376	0.3807
1.377	0.3817
1.378	0.3827
1.379	0.3837
1.38	0.3847
1.381	0.3857
1.382	0.3867
1.383	0.3877
1.384	0.3887
1.385	0.3897
1.386	0.3908
1.387	0.3918
1.388	0.3928
1.389	0.3938
1.39	0.3948
1.391	0.3958
1.392	0.3968
1.393	0.3978
1.394	0.3988
1.395	0.3998
1.396	0.4008
1.397	0.4018
1.398	0.4028
1.399	0.4038
1.4	0.4048
1.401	0.4058
1.402	0.4068
1.403	0.4079
1.404	0.4089
1.405	0.4099
1.406	0.4109
1.407	0.4119
1.408	0.4129
1.409	0.4139
1.41	0.4149
1.411	0.4159
1.412	0.4169
1.413	0.4179
1.414	0.4189
1.415	0.4199
1.416	0.4209
1.417	0.4219
1.418	0.4229
1.419	0.4239
1.42	0.4249
1.421	0.4259
1.422	0.4269
1.423	0.4279
1.424	0.4289
1.425	0.4299
1.426	0.4309
1.427	0.4319
1.428	0.4329
1.429	0.4339
1.43	0.4349
1.431	0.4359
1.432	0.4369
1.433	0.4379
1.434	0.4389
1.435	0.4399
1.436	0.4409
1.437	0.4419
1.438	0.4429
1.439	0.4439
1.44	0.4449
1.441	0.4459
1.442	0.4469
1.443	0.4479
1.444	0.4488
1.445	0.4498
1.446	0.4508
1.447	0.4518
1.448	0.4528
1.449	0.4538
1.45	0.4548
1.451	0.4558
1.452	0.4568
1.453	0.4578
1.454	0.4588
1.455	0.4598
1.456	0.4608
1.457	0.4618
1.458	0.4628
1.459	0.4638
1.46	0.4648
1.461	0.4657
1.462	0.4667
1.463	0.4677
1.464	0.4687
1.465	0.4697
1.466	0.4707
1.467	0.4717
1.468	0.4727
1.469	0.4737
1.47	0.4747
1.471	0.4757
1.472	0.4766
1.473	0.4776
1.474	0.4786
1.475	0.4796
1.476	0.4806
1.477	0.4816
1.478	0.4826
1.479	0.4836
1.48	0.4846
1.481	0.4855
1.482	0.4865
1.483	0.4875
1.484	0.4885
1.485	0.4895
1.486	0.4905
1.487	0.4915
1.488	0.4925
1.489	0.4934
1.49	0.4944
1.491	0.4954
1.492	0.4964
1.493	0.4974
1.494	0.4984
1.495	0.4994
1.496	0.5003
1.497	0.5013
1.498	0.5023
1.499	0.5033
1.5	0.5043
1.501	0.5053
1.502	0.5062
1.503	0.5072
1.504	0.5082
1.505	0.5092
1.506	0.5102
1.507	0.5112
1.508	0.5121
1.509	0.5131
1.51	0.5141
1.511	0.5151
1.512	0.5161
1.513	0.5171
1.514	0.518
1.515	0.519
1.516	0.52
1.517	0.521
1.518	0.522
1.519	0.5229
1.52	0.5239
1.521	0.5249
1.522	0.5259
1.523	0.5269
1.524	0.5278
1.525	0.5288
1.526	0.5298
1.527	0.5308
1.528	0.5318
1.529	0.5327
1.53	0.5337
1.531	0.5347
1.532	0.5357
1.533	0.5366
1.534	0.5376
1.535	0.5386
1.536	0.5396
1.537	0.5405
1.538	0.5415
1.539	0.5425
1.54	0.5435
1.541	0.5445
1.542	0.5454
1.543	0.5464
1.544	0.5474
1.545	0.5484
1.546	0.5493
1.547	0.5503
1.548	0.5513
1.549	0.5523
1.55	0.5532
1.551	0.5542
1.552	0.5552
1.553	0.5561
1.554	0.5571
1.555	0.5581
1.556	0.5591
1.557	0.56
1.558	0.561
1.559	0.562
1.56	0.563
1.561	0.5639
1.562	0.5649
1.563	0.5659
1.564	0.5668
1.565	0.5678
1.566	0.5688
1.567	0.5697
1.568	0.5707
1.569	0.5717
1.57	0.5727
1.571	0.5736
1.572	0.5746
1.573	0.5756
1.574	0.5765
1.575	0.5775
1.576	0.5785
1.577	0.5794
1.578	0.5804
1.579	0.5814
1.58	0.5823
1.581	0.5833
1.582	0.5843
1.583	0.5852
1.584	0.5862
1.585	0.5872
1.586	0.5881
1.587	0.5891
1.588	0.5901
1.589	0.591
1.59	0.592
1.591	0.593
1.592	0.5939
1.593	0.5949
1.594	0.5959
1.595	0.5968
1.596	0.5978
1.597	0.5988
1.598	0.5997
1.599	0.6007
1.6	0.6017
1.601	0.6026
1.602	0.6036
1.603	0.6045
1.604	0.6055
1.605	0.6065
1.606	0.6074
1.607	0.6084
1.608	0.6094
1.609	0.6103
1.61	0.6113
1.611	0.6122
1.612	0.6132
1.613	0.6142
1.614	0.6151
1.615	0.6161
1.616	0.617
1.617	0.618
1.618	0.619
1.619	0.6199
1.62	0.6209
1.621	0.6218
1.622	0.6228
1.623	0.6238
1.624	0.6247
1.625	0.6257
1.626	0.6266
1.627	0.6276
1.628	0.6285
1.629	0.6295
1.63	0.6305
1.631	0.6314
1.632	0.6324
1.633	0.6333
1.634	0.6343
1.635	0.6352
1.636	0.6362
1.637	0.6372
1.638	0.6381
1.639	0.6391
1.64	0.64
1.641	0.641
1.642	0.6419
1.643	0.6429
1.644	0.6438
1.645	0.6448
1.646	0.6457
1.647	0.6467
1.648	0.6477
1.649	0.6486
1.65	0.6496
1.651	0.6505
1.652	0.6515
1.653	0.6524
1.654	0.6534
1.655	0.6543
1.656	0.6553
1.657	0.6562
1.658	0.6572
1.659	0.6581
1.66	0.6591
1.661	0.66
1.662	0.661
1.663	0.6619
1.664	0.6629
1.665	0.6638
1.666	0.6648
1.667	0.6657
1.668	0.6667
1.669	0.6676
1.67	0.6686
1.671	0.6695
1.672	0.6705
1.673	0.6714
1.674	0.6724
1.675	0.6733
1.676	0.6743
1.677	0.6752
1.678	0.6762
1.679	0.6771
1.68	0.6781
1.681	0.679
1.682	0.68
1.683	0.6809
1.684	0.6818
1.685	0.6828
1.686	0.6837
1.687	0.6847
1.688	0.6856
1.689	0.6866
1.69	0.6875
1.691	0.6885
1.692	0.6894
1.693	0.6903
1.694	0.6913
1.695	0.6922
1.696	0.6932
1.697	0.6941
1.698	0.6951
1.699	0.696
1.7	0.697
1.701	0.6979
1.702	0.6988
1.703	0.6998
1.704	0.7007
1.705	0.7017
1.706	0.7026
1.707	0.7035
1.708	0.7045
1.709	0.7054
1.71	0.7064
1.711	0.7073
1.712	0.7083
1.713	0.7092
1.714	0.7101
1.715	0.7111
1.716	0.712
1.717	0.7129
1.718	0.7139
1.719	0.7148
1.72	0.7158
1.721	0.7167
1.722	0.7176
1.723	0.7186
1.724	0.7195
1.725	0.7205
1.726	0.7214
1.727	0.7223
1.728	0.7233
1.729	0.7242
1.73	0.7251
1.731	0.7261
1.732	0.727
1.733	0.7279
1.734	0.7289
1.735	0.7298
1.736	0.7308
1.737	0.7317
1.738	0.7326
1.739	0.7336
1.74	0.7345
1.741	0.7354
1.742	0.7364
1.743	0.7373
1.744	0.7382
1.745	0.7392
1.746	0.7401
1.747	0.741
1.748	0.742
1.749	0.7429
1.75	0.7438
1.751	0.7448
1.752	0.7457
1.753	0.7466
1.754	0.7476
1.755	0.7485
1.756	0.7494
1.757	0.7503
1.758	0.7513
1.759	0.7522
1.76	0.7531
1.761	0.7541
1.762	0.755
1.763	0.7559
1.764	0.7569
1.765	0.7578
1.766	0.7587
1.767	0.7596
1.768	0.7606
1.769	0.7615
1.77	0.7624
1.771	0.7634
1.772	0.7643
1.773	0.7652
1.774	0.7661
1.775	0.7671
1.776	0.768
1.777	0.7689
1.778	0.7699
1.779	0.7708
1.78	0.7717
1.781	0.7726
1.782	0.7736
1.783	0.7745
1.784	0.7754
1.785	0.7763
1.786	0.7773
1.787	0.7782
1.788	0.7791
1.789	0.78
1.79	0.781
1.791	0.7819
1.792	0.7828
1.793	0.7837
1.794	0.7847
1.795	0.7856
1.796	0.7865
1.797	0.7874
1.798	0.7883
1.799	0.7893
1.8	0.7902
1.801	0.7911
1.802	0.792
1.803	0.793
1.804	0.7939
1.805	0.7948
1.806	0.7957
1.807	0.7966
1.808	0.7976
1.809	0.7985
1.81	0.7994
1.811	0.8003
1.812	0.8012
1.813	0.8022
1.814	0.8031
1.815	0.804
1.816	0.8049
1.817	0.8058
1.818	0.8067
1.819	0.8077
1.82	0.8086
1.821	0.8095
1.822	0.8104
1.823	0.8113
1.824	0.8123
1.825	0.8132
1.826	0.8141
1.827	0.815
1.828	0.8159
1.829	0.8168
1.83	0.8178
1.831	0.8187
1.832	0.8196
1.833	0.8205
1.834	0.8214
1.835	0.8223
1.836	0.8232
1.837	0.8242
1.838	0.8251
1.839	0.826
1.84	0.8269
1.841	0.8278
1.842	0.8287
1.843	0.8296
1.844	0.8306
1.845	0.8315
1.846	0.8324
1.847	0.8333
1.848	0.8342
1.849	0.8351
1.85	0.836
1.851	0.8369
1.852	0.8379
1.853	0.8388
1.854	0.8397
1.855	0.8406
1.856	0.8415
1.857	0.8424
1.858	0.8433
1.859	0.8442
1.86	0.8451
1.861	0.846
1.862	0.847
1.863	0.8479
1.864	0.8488
1.865	0.8497
1.866	0.8506
1.867	0.8515
1.868	0.8524
1.869	0.8533
1.87	0.8542
1.871	0.8551
1.872	0.856
1.873	0.8569
1.874	0.8578
1.875	0.8588
1.876	0.8597
1.877	0.8606
1.878	0.8615
1.879	0.8624
1.88	0.8633
1.881	0.8642
1.882	0.8651
1.883	0.866
1.884	0.8669
1.885	0.8678
1.886	0.8687
1.887	0.8696
1.888	0.8705
1.889	0.8714
1.89	0.8723
1.891	0.8732
1.892	0.8741
1.893	0.875
1.894	0.8759
1.895	0.8768
1.896	0.8777
1.897	0.8786
1.898	0.8795
1.899	0.8804
1.9	0.8814
1.901	0.8823
1.902	0.8832
1.903	0.8841
1.904	0.885
1.905	0.8859
1.906	0.8868
1.907	0.8877
1.908	0.8886
1.909	0.8895
1.91	0.8904
1.911	0.8913
1.912	0.8922
1.913	0.8931
1.914	0.8939
1.915	0.8948
1.916	0.8957
1.917	0.8966
1.918	0.8975
1.919	0.8984
1.92	0.8993
1.921	0.9002
1.922	0.9011
1.923	0.902
1.924	0.9029
1.925	0.9038
1.926	0.9047
1.927	0.9056
1.928	0.9065
1.929	0.9074
1.93	0.9083
1.931	0.9092
1.932	0.9101
1.933	0.911
1.934	0.9119
1.935	0.9128
1.936	0.9137
1.937	0.9146
1.938	0.9155
1.939	0.9163
1.94	0.9172
1.941	0.9181
1.942	0.919
1.943	0.9199
1.944	0.9208
1.945	0.9217
1.946	0.9226
1.947	0.9235
1.948	0.9244
1.949	0.9253
1.95	0.9262
1.951	0.927
1.952	0.9279
1.953	0.9288
1.954	0.9297
1.955	0.9306
1.956	0.9315
1.957	0.9324
1.958	0.9333
1.959	0.9342
1.96	0.9351
1.961	0.9359
1.962	0.9368
1.963	0.9377
1.964	0.9386
1.965	0.9395
1.966	0.9404
1.967	0.9413
1.968	0.9422
1.969	0.943
1.97	0.9439
1.971	0.9448
1.972	0.9457
1.973	0.9466
1.974	0.9475
1.975	0.9484
1.976	0.9493
1.977	0.9501
1.978	0.951
1.979	0.9519
1.98	0.9528
1.981	0.9537
1.982	0.9546
1.983	0.9554
1.984	0.9563
1.985	0.9572
1.986	0.9581
1.987	0.959
1.988	0.9599
1.989	0.9607
1.99	0.9616
1.991	0.9625
1.992	0.9634
1.993	0.9643
1.994	0.9652
1.995	0.966
1.996	0.9669
1.997	0.9678
1.998	0.9687
1.999	0.9696
2	0.9704
