0	0.4633
0.001	0.4623
0.002	0.4613
0.003	0.4602
0.004	0.4592
0.005	0.4582
0.006	0.4572
0.007	0.4562
0.008	0.4552
0.009	0.4542
0.01	0.4532
0.011	0.4522
0.012	0.4512
0.013	0.4501
0.014	0.4491
0.015	0.4481
0.016	0.4471
0.017	0.4461
0.018	0.4451
0.019	0.4441
0.02	0.4431
0.021	0.4422
0.022	0.4412
0.023	0.4402
0.024	0.4392
0.025	0.4382
0.026	0.4372
0.027	0.4362
0.028	0.4352
0.029	0.4342
0.03	0.4332
0.031	0.4323
0.032	0.4313
0.033	0.4303
0.034	0.4293
0.035	0.4283
0.036	0.4274
0.037	0.4264
0.038	0.4254
0.039	0.4244
0.04	0.4235
0.041	0.4225
0.042	0.4215
0.043	0.4205
0.044	0.4196
0.045	0.4186
0.046	0.4176
0.047	0.4167
0.048	0.4157
0.049	0.4147
0.05	0.4138
0.051	0.4128
0.052	0.4119
0.053	0.4109
0.054	0.4099
0.055	0.409
0.056	0.408
0.057	0.4071
0.058	0.4061
0.059	0.4052
0.06	0.4042
0.061	0.4033
0.062	0.4023
0.063	0.4014
0.064	0.4004
0.065	0.3995
0.066	0.3985
0.067	0.3976
0.068	0.3966
0.069	0.3957
0.07	0.3948
0.071	0.3938
0.072	0.3929
0.073	0.3919
0.074	0.391
0.075	0.3901
0.076	0.3891
0.077	0.3882
0.078	0.3873
0.079	0.3863
0.08	0.3854
0.081	0.3845
0.082	0.3836
0.083	0.3826
0.084	0.3817
0.085	0.3808
0.086	0.3799
0.087	0.3789
0.088	0.378
0.089	0.3771
0.09	0.3762
0.091	0.3753
0.092	0.3743
0.093	0.3734
0.094	0.3725
0.095	0.3716
0.096	0.3707
0.097	0.3698
0.098	0.3689
0.099	0.368
0.1	0.3671
0.101	0.3662
0.102	0.3652
0.103	0.3643
0.104	0.3634
0.105	0.3625
0.106	0.3616
0.107	0.3607
0.108	0.3598
0.109	0.3589
0.11	0.358
0.111	0.3572
0.112	0.3563
0.113	0.3554
0.114	0.3545
0.115	0.3536
0.116	0.3527
0.117	0.3518
0.118	0.3509
0.119	0.35
0.12	0.3492
0.121	0.3483
0.122	0.3474
0.123	0.3465
0.124	0.3456
0.125	0.3447
0.126	0.3439
0.127	0.343
0.128	0.3421
0.129	0.3412
0.13	0.3404
0.131	0.3395
0.132	0.3386
0.133	0.3378
0.134	0.3369
0.135	0.336
0.136	0.3351
0.137	0.3343
0.138	0.3334
0.139	0.3326
0.14	0.3317
0.141	0.3308
0.142	0.33
0.143	0.3291
0.144	0.3283
0.145	0.3274
0.146	0.3265
0.147	0.3257
0.148	0.3248
0.149	0.324
0.15	0.3231
0.151	0.3223
0.152	0.3214
0.153	0.3206
0.154	0.3197
0.155	0.3189
0.156	0.318
0.157	0.3172
0.158	0.3164
0.159	0.3155
0.16	0.3147
0.161	0.3138
0.162	0.313
0.163	0.3122
0.164	0.3113
0.165	0.3105
0.166	0.3097
0.167	0.3088
0.168	0.308
0.169	0.3072
0.17	0.3063
0.171	0.3055
0.172	0.3047
0.173	0.3039
0.174	0.303
0.175	0.3022
0.176	0.3014
0.177	0.3006
0.178	0.2997
0.179	0.2989
0.18	0.2981
0.181	0.2973
0.182	0.2965
0.183	0.2957
0.184	0.2948
0.185	0.294
0.186	0.2932
0.187	0.2924
0.188	0.2916
0.189	0.2908
0.19	0.29
0.191	0.2892
0.192	0.2884
0.193	0.2876
0.194	0.2868
0.195	0.286
0.196	0.2852
0.197	0.2844
0.198	0.2836
0.199	0.2828
0.2	0.282
0.201	0.2812
0.202	0.2804
0.203	0.2796
0.204	0.2788
0.205	0.278
0.206	0.2772
0.207	0.2765
0.208	0.2757
0.209	0.2749
0.21	0.2741
0.211	0.2733
0.212	0.2725
0.213	0.2717
0.214	0.271
0.215	0.2702
0.216	0.2694
0.217	0.2686
0.218	0.2679
0.219	0.2671
0.22	0.2663
0.221	0.2655
0.222	0.2648
0.223	0.264
0.224	0.2632
0.225	0.2625
0.226	0.2617
0.227	0.2609
0.228	0.2602
0.229	0.2594
0.23	0.2586
0.231	0.2579
0.232	0.2571
0.233	0.2564
0.234	0.2556
0.235	0.2549
0.236	0.2541
0.237	0.2533
0.238	0.2526
0.239	0.2518
0.24	0.2511
0.241	0.2503
0.242	0.2496
0.243	0.2488
0.244	0.2481
0.245	0.2473
0.246	0.2466
0.247	0.2459
0.248	0.2451
0.249	0.2444
0.25	0.2436
0.251	0.2429
0.252	0.2422
0.253	0.2414
0.254	0.2407
0.255	0.24
0.256	0.2392
0.257	0.2385
0.258	0.2378
0.259	0.237
0.26	0.2363
0.261	0.2356
0.262	0.2349
0.263	0.2341
0.264	0.2334
0.265	0.2327
0.266	0.232
0.267	0.2312
0.268	0.2305
0.269	0.2298
0.27	0.2291
0.271	0.2284
0.272	0.2276
0.273	0.2269
0.274	0.2262
0.275	0.2255
0.276	0.2248
0.277	0.2241
0.278	0.2234
0.279	0.2227
0.28	0.222
0.281	0.2213
0.282	0.2206
0.283	0.2199
0.284	0.2192
0.285	0.2185
0.286	0.2178
0.287	0.2171
0.288	0.2164
0.289	0.2157
0.29	0.215
0.291	0.2143
0.292	0.2136
0.293	0.2129
0.294	0.2122
0.295	0.2115
0.296	0.2108
0.297	0.2101
0.298	0.2094
0.299	0.2088
0.3	0.2081
0.301	0.2074
0.302	0.2067
0.303	0.206
0.304	0.2054
0.305	0.2047
0.306	0.204
0.307	0.2033
0.308	0.2026
0.309	0.202
0.31	0.2013
0.311	0.2006
0.312	0.2
0.313	0.1993
0.314	0.1986
0.315	0.198
0.316	0.1973
0.317	0.1966
0.318	0.196
0.319	0.1953
0.32	0.1946
0.321	0.194
0.322	0.1933
0.323	0.1927
0.324	0.192
0.325	0.1913
0.326	0.1907
0.327	0.19
0.328	0.1894
0.329	0.1887
0.33	0.1881
0.331	0.1874
0.332	0.1868
0.333	0.1861
0.334	0.1855
0.335	0.1848
0.336	0.1842
0.337	0.1836
0.338	0.1829
0.339	0.1823
0.34	0.1816
0.341	0.181
0.342	0.1804
0.343	0.1797
0.344	0.1791
0.345	0.1785
0.346	0.1778
0.347	0.1772
0.348	0.1766
0.349	0.1759
0.35	0.1753
0.351	0.1747
0.352	0.1741
0.353	0.1734
0.354	0.1728
0.355	0.1722
0.356	0.1716
0.357	0.1709
0.358	0.1703
0.359	0.1697
0.36	0.1691
0.361	0.1685
0.362	0.1679
0.363	0.1672
0.364	0.1666
0.365	0.166
0.366	0.1654
0.367	0.1648
0.368	0.1642
0.369	0.1636
0.37	0.163
0.371	0.1624
0.372	0.1618
0.373	0.1612
0.374	0.1606
0.375	0.16
0.376	0.1594
0.377	0.1588
0.378	0.1582
0.379	0.1576
0.38	0.157
0.381	0.1564
0.382	0.1558
0.383	0.1552
0.384	0.1546
0.385	0.154
0.386	0.1534
0.387	0.1529
0.388	0.1523
0.389	0.1517
0.39	0.1511
0.391	0.1505
0.392	0.1499
0.393	0.1494
0.394	0.1488
0.395	0.1482
0.396	0.1476
0.397	0.147
0.398	0.1465
0.399	0.1459
0.4	0.1453
0.401	0.1448
0.402	0.1442
0.403	0.1436
0.404	0.1431
0.405	0.1425
0.406	0.1419
0.407	0.1414
0.408	0.1408
0.409	0.1402
0.41	0.1397
0.411	0.1391
0.412	0.1385
0.413	0.138
0.414	0.1374
0.415	0.1369
0.416	0.1363
0.417	0.1358
0.418	0.1352
0.419	0.1347
0.42	0.1341
0.421	0.1336
0.422	0.133
0.423	0.1325
0.424	0.1319
0.425	0.1314
0.426	0.1308
0.427	0.1303
0.428	0.1298
0.429	0.1292
0.43	0.1287
0.431	0.1281
0.432	0.1276
0.433	0.1271
0.434	0.1265
0.435	0.126
0.436	0.1255
0.437	0.1249
0.438	0.1244
0.439	0.1239
0.44	0.1234
0.441	0.1228
0.442	0.1223
0.443	0.1218
0.444	0.1213
0.445	0.1207
0.446	0.1202
0.447	0.1197
0.448	0.1192
0.449	0.1187
0.45	0.1181
0.451	0.1176
0.452	0.1171
0.453	0.1166
0.454	0.1161
0.455	0.1156
0.456	0.1151
0.457	0.1146
0.458	0.114
0.459	0.1135
0.46	0.113
0.461	0.1125
0.462	0.112
0.463	0.1115
0.464	0.111
0.465	0.1105
0.466	0.11
0.467	0.1095
0.468	0.109
0.469	0.1085
0.47	0.108
0.471	0.1076
0.472	0.1071
0.473	0.1066
0.474	0.1061
0.475	0.1056
0.476	0.1051
0.477	0.1046
0.478	0.1041
0.479	0.1036
0.48	0.1032
0.481	0.1027
0.482	0.1022
0.483	0.1017
0.484	0.1012
0.485	0.1008
0.486	0.1003
0.487	0.09981
0.488	0.09934
0.489	0.09887
0.49	0.0984
0.491	0.09792
0.492	0.09746
0.493	0.09699
0.494	0.09652
0.495	0.09605
0.496	0.09559
0.497	0.09512
0.498	0.09466
0.499	0.0942
0.5	0.09374
0.501	0.09328
0.502	0.09282
0.503	0.09236
0.504	0.09191
0.505	0.09145
0.506	0.091
0.507	0.09055
0.508	0.09009
0.509	0.08964
0.51	0.08919
0.511	0.08874
0.512	0.0883
0.513	0.08785
0.514	0.08741
0.515	0.08696
0.516	0.08652
0.517	0.08608
0.518	0.08564
0.519	0.0852
0.52	0.08476
0.521	0.08432
0.522	0.08389
0.523	0.08345
0.524	0.08302
0.525	0.08258
0.526	0.08215
0.527	0.08172
0.528	0.08129
0.529	0.08086
0.53	0.08044
0.531	0.08001
0.532	0.07959
0.533	0.07916
0.534	0.07874
0.535	0.07832
0.536	0.0779
0.537	0.07748
0.538	0.07706
0.539	0.07664
0.54	0.07623
0.541	0.07581
0.542	0.0754
0.543	0.07499
0.544	0.07457
0.545	0.07416
0.546	0.07375
0.547	0.07335
0.548	0.07294
0.549	0.07253
0.55	0.07213
0.551	0.07172
0.552	0.07132
0.553	0.07092
0.554	0.07052
0.555	0.07012
0.556	0.06972
0.557	0.06933
0.558	0.06893
0.559	0.06853
0.56	0.06814
0.561	0.06775
0.562	0.06736
0.563	0.06697
0.564	0.06658
0.565	0.06619
0.566	0.0658
0.567	0.06542
0.568	0.06503
0.569	0.06465
0.57	0.06427
0.571	0.06388
0.572	0.0635
0.573	0.06312
0.574	0.06275
0.575	0.06237
0.576	0.06199
0.577	0.06162
0.578	0.06124
0.579	0.06087
0.58	0.0605
0.581	0.06013
0.582	0.05976
0.583	0.05939
0.584	0.05903
0.585	0.05866
0.586	0.0583
0.587	0.05793
0.588	0.05757
0.589	0.05721
0.59	0.05685
0.591	0.05649
0.592	0.05613
0.593	0.05577
0.594	0.05542
0.595	0.05506
0.596	0.05471
0.597	0.05436
0.598	0.05401
0.599	0.05366
0.6	0.05331
0.601	0.05296
0.602	0.05261
0.603	0.05227
0.604	0.05192
0.605	0.05158
0.606	0.05124
0.607	0.0509
0.608	0.05056
0.609	0.05022
0.61	0.04988
0.611	0.04954
0.612	0.04921
0.613	0.04887
0.614	0.04854
0.615	0.04821
0.616	0.04787
0.617	0.04754
0.618	0.04722
0.619	0.04689
0.62	0.04656
0.621	0.04624
0.622	0.04591
0.623	0.04559
0.624	0.04526
0.625	0.04494
0.626	0.04462
0.627	0.0443
0.628	0.04399
0.629	0.04367
0.63	0.04335
0.631	0.04304
0.632	0.04273
0.633	0.04241
0.634	0.0421
0.635	0.04179
0.636	0.04148
0.637	0.04118
0.638	0.04087
0.639	0.04056
0.64	0.04026
0.641	0.03996
0.642	0.03965
0.643	0.03935
0.644	0.03905
0.645	0.03875
0.646	0.03846
0.647	0.03816
0.648	0.03786
0.649	0.03757
0.65	0.03728
0.651	0.03699
0.652	0.03669
0.653	0.0364
0.654	0.03612
0.655	0.03583
0.656	0.03554
0.657	0.03526
0.658	0.03497
0.659	0.03469
0.66	0.03441
0.661	0.03412
0.662	0.03384
0.663	0.03357
0.664	0.03329
0.665	0.03301
0.666	0.03274
0.667	0.03246
0.668	0.03219
0.669	0.03192
0.67	0.03165
0.671	0.03138
0.672	0.03111
0.673	0.03084
0.674	0.03057
0.675	0.03031
0.676	0.03004
0.677	0.02978
0.678	0.02952
0.679	0.02926
0.68	0.029
0.681	0.02874
0.682	0.02848
0.683	0.02823
0.684	0.02797
0.685	0.02772
0.686	0.02746
0.687	0.02721
0.688	0.02696
0.689	0.02671
0.69	0.02646
0.691	0.02621
0.692	0.02597
0.693	0.02572
0.694	0.02548
0.695	0.02524
0.696	0.02499
0.697	0.02475
0.698	0.02451
0.699	0.02427
0.7	0.02404
0.701	0.0238
0.702	0.02356
0.703	0.02333
0.704	0.0231
0.705	0.02287
0.706	0.02264
0.707	0.02241
0.708	0.02218
0.709	0.02195
0.71	0.02172
0.711	0.0215
0.712	0.02127
0.713	0.02105
0.714	0.02083
0.715	0.02061
0.716	0.02039
0.717	0.02017
0.718	0.01995
0.719	0.01974
0.72	0.01952
0.721	0.01931
0.722	0.01909
0.723	0.01888
0.724	0.01867
0.725	0.01846
0.726	0.01825
0.727	0.01805
0.728	0.01784
0.729	0.01764
0.73	0.01743
0.731	0.01723
0.732	0.01703
0.733	0.01683
0.734	0.01663
0.735	0.01643
0.736	0.01623
0.737	0.01603
0.738	0.01584
0.739	0.01565
0.74	0.01545
0.741	0.01526
0.742	0.01507
0.743	0.01488
0.744	0.01469
0.745	0.01451
0.746	0.01432
0.747	0.01413
0.748	0.01395
0.749	0.01377
0.75	0.01359
0.751	0.01341
0.752	0.01323
0.753	0.01305
0.754	0.01287
0.755	0.01269
0.756	0.01252
0.757	0.01235
0.758	0.01217
0.759	0.012
0.76	0.01183
0.761	0.01166
0.762	0.01149
0.763	0.01133
0.764	0.01116
0.765	0.01099
0.766	0.01083
0.767	0.01067
0.768	0.01051
0.769	0.01035
0.77	0.01019
0.771	0.01003
0.772	0.009871
0.773	0.009715
0.774	0.00956
0.775	0.009407
0.776	0.009254
0.777	0.009102
0.778	0.008952
0.779	0.008803
0.78	0.008655
0.781	0.008507
0.782	0.008362
0.783	0.008217
0.784	0.008073
0.785	0.00793
0.786	0.007789
0.787	0.007648
0.788	0.007509
0.789	0.007371
0.79	0.007234
0.791	0.007098
0.792	0.006963
0.793	0.00683
0.794	0.006697
0.795	0.006566
0.796	0.006435
0.797	0.006306
0.798	0.006178
0.799	0.006051
0.8	0.005925
0.801	0.0058
0.802	0.005677
0.803	0.005554
0.804	0.005433
0.805	0.005312
0.806	0.005193
0.807	0.005075
0.808	0.004958
0.809	0.004842
0.81	0.004728
0.811	0.004614
0.812	0.004502
0.813	0.00439
0.814	0.00428
0.815	0.004171
0.816	0.004063
0.817	0.003956
0.818	0.00385
0.819	0.003745
0.82	0.003642
0.821	0.003539
0.822	0.003438
0.823	0.003338
0.824	0.003239
0.825	0.003141
0.826	0.003044
0.827	0.002948
0.828	0.002854
0.829	0.00276
0.83	0.002668
0.831	0.002576
0.832	0.002486
0.833	0.002397
0.834	0.002309
0.835	0.002222
0.836	0.002137
0.837	0.002052
0.838	0.001969
0.839	0.001886
0.84	0.001805
0.841	0.001725
0.842	0.001646
0.843	0.001568
0.844	0.001491
0.845	0.001416
0.846	0.001341
0.847	0.001268
0.848	0.001195
0.849	0.001124
0.85	0.001054
0.851	0.0009852
0.852	0.0009173
0.853	0.0008506
0.854	0.000785
0.855	0.0007205
0.856	0.0006571
0.857	0.0005949
0.858	0.0005337
0.859	0.0004737
0.86	0.0004148
0.861	0.000357
0.862	0.0003003
0.863	0.0002447
0.864	0.0001903
0.865	0.0001369
0.866	8.47e-05
0.867	3.359e-05
0.868	0
0.869	0
0.87	0
0.871	0
0.872	0
0.873	0
0.874	0
0.875	0
0.876	0
0.877	0
0.878	0
0.879	0
0.88	0
0.881	0
0.882	0
0.883	0
0.884	0
0.885	0
0.886	0
0.887	0
0.888	0
0.889	0
0.89	0
0.891	0
0.892	0
0.893	0
0.894	0
0.895	0
0.896	0
0.897	0
0.898	0
0.899	0
0.9	0
0.901	0
0.902	0
0.903	0
0.904	0
0.905	0
0.906	0
0.907	0
0.908	0
0.909	0
0.91	0
0.911	0
0.912	0
0.913	0
0.914	0
0.915	0
0.916	0
0.917	0
0.918	0
0.919	0
0.92	0
0.921	0
0.922	0
0.923	0
0.924	0
0.925	0
0.926	0
0.927	0
0.928	0
0.929	0
0.93	0
0.931	0
0.932	0
0.933	0
0.934	0
0.935	0
0.936	0
0.937	0
0.938	0
0.939	0
0.94	0
0.941	0
0.942	0
0.943	0
0.944	0
0.945	0
0.946	0
0.947	0
0.948	0
0.949	0
0.95	0
0.951	0
0.952	0
0.953	0
0.954	0
0.955	0
0.956	0
0.957	4.005e-06
0.958	5.445e-05
0.959	0.000106
0.96	0.0001587
0.961	0.0002125
0.962	0.0002674
0.963	0.0003234
0.964	0.0003806
0.965	0.0004388
0.966	0.0004982
0.967	0.0005587
0.968	0.0006203
0.969	0.000683
0.97	0.0007469
0.971	0.0008118
0.972	0.0008779
0.973	0.0009451
0.974	0.001013
0.975	0.001083
0.976	0.001153
0.977	0.001225
0.978	0.001298
0.979	0.001372
0.98	0.001447
0.981	0.001523
0.982	0.0016
0.983	0.001678
0.984	0.001758
0.985	0.001838
0.986	0.00192
0.987	0.002003
0.988	0.002087
0.9889	0
0.9899	0.000175
0.9909	0.0005147
0.9919	0.0008721
0.9929	0.001247
0.9939	0.00164
0.9949	0.002051
0.9959	0.002479
0.9969	0.002926
0.9979	0.00339
0.9989	0.003871
0.9999	0.004371
1.001	0.004888
1.002	0.005423
1.003	0.005976
1.004	0.006546
1.005	0.007135
1.006	0.007741
1.007	0.008365
1.008	0.009006
1.009	0.009666
1.01	0.01034
1.011	0.01104
1.012	0.01175
1.013	0.01248
1.014	0.01323
1.015	0.01399
1.016	0.01478
1.017	0.01558
1.018	0.0164
1.019	0.01724
1.02	0.01809
1.021	0.01896
1.022	0.01985
1.023	0.02076
1.024	0.02169
1.025	0.02263
1.025	0.0252
1.026	0.02614
1.027	0.02709
1.028	0.02804
1.029	0.02899
1.03	0.02995
1.031	0.0309
1.032	0.03186
1.033	0.03283
1.034	0.03379
1.035	0.03476
1.036	0.03573
1.037	0.0367
1.038	0.03767
1.039	0.03865
1.04	0.03963
1.041	0.04061
1.042	0.0416
1.043	0.04258
1.044	0.04357
1.045	0.04457
1.046	0.04556
1.047	0.04656
1.048	0.04756
1.049	0.04856
1.05	0.04996
1.051	0.05095
1.052	0.05195
1.053	0.05295
1.054	0.05395
1.055	0.05495
1.056	0.05595
1.057	0.05695
1.058	0.05795
1.059	0.05895
1.06	0.05995
1.061	0.06094
1.062	0.06194
1.063	0.06294
1.064	0.06394
1.065	0.06494
1.066	0.06594
1.067	0.06694
1.068	0.06794
1.069	0.06894
1.07	0.06994
1.07	0.07033
1.071	0.07133
1.072	0.07233
1.073	0.07333
1.074	0.07433
1.075	0.07533
1.076	0.07633
1.077	0.07733
1.078	0.07833
1.079	0.07933
1.08	0.08033
1.081	0.08133
1.082	0.08233
1.083	0.08333
1.084	0.08433
1.085	0.08533
1.086	0.08633
1.087	0.08733
1.088	0.08811
1.089	0.08911
1.09	0.09011
1.091	0.09111
1.092	0.09211
1.093	0.09311
1.094	0.09411
1.095	0.09511
1.096	0.09611
1.097	0.09711
1.098	0.09811
1.099	0.09911
1.1	0.1001
1.101	0.1011
1.102	0.1021
1.103	0.1031
1.104	0.1041
1.104	0.1042
1.105	0.1052
1.106	0.1062
1.107	0.1072
1.108	0.1082
1.109	0.1092
1.11	0.1102
1.111	0.1112
1.112	0.1122
1.113	0.1132
1.114	0.1142
1.115	0.1152
1.116	0.1162
1.117	0.1172
1.118	0.1182
1.119	0.1192
1.119	0.1194
1.12	0.1204
1.121	0.1214
1.122	0.1224
1.123	0.1234
1.124	0.1244
1.125	0.1254
1.126	0.1264
1.127	0.1274
1.128	0.1284
1.129	0.1294
1.13	0.1304
1.131	0.1314
1.132	0.1324
1.133	0.1334
1.134	0.1337
1.135	0.1347
1.136	0.1357
1.137	0.1367
1.138	0.1377
1.139	0.1387
1.14	0.1397
1.141	0.1407
1.142	0.1417
1.143	0.1427
1.144	0.1437
1.145	0.1447
1.146	0.1457
1.147	0.1467
1.148	0.1477
1.148	0.1481
1.149	0.1491
1.15	0.1501
1.151	0.1511
1.152	0.1521
1.153	0.1531
1.154	0.1541
1.155	0.1551
1.156	0.1561
1.157	0.1571
1.158	0.1581
1.159	0.1591
1.16	0.1601
1.161	0.1611
1.162	0.1621
1.162	0.1625
1.163	0.1635
1.164	0.1645
1.165	0.1655
1.166	0.1665
1.167	0.1675
1.168	0.1685
1.169	0.1695
1.17	0.1705
1.171	0.1715
1.172	0.1725
1.173	0.1735
1.174	0.1745
1.175	0.1755
1.176	0.1765
1.177	0.1766
1.178	0.1776
1.179	0.1786
1.18	0.1796
1.181	0.1806
1.182	0.1816
1.183	0.1826
1.184	0.1836
1.185	0.1846
1.186	0.1856
1.187	0.1866
1.188	0.1876
1.189	0.1886
1.19	0.1896
1.191	0.1906
1.191	0.1914
1.192	0.1924
1.193	0.1934
1.194	0.1944
1.195	0.1954
1.196	0.1964
1.197	0.1974
1.198	0.1984
1.199	0.1994
1.2	0.2004
1.201	0.2014
1.202	0.2024
1.203	0.2034
1.204	0.2044
1.205	0.2054
1.206	0.2064
1.207	0.2069
1.208	0.2079
1.209	0.2089
1.21	0.2099
1.211	0.2109
1.212	0.2119
1.213	0.2129
1.214	0.2139
1.215	0.2149
1.216	0.2159
1.217	0.2169
1.218	0.2179
1.219	0.2189
1.22	0.2199
1.221	0.2209
1.222	0.2219
1.223	0.2229
1.224	0.2236
1.225	0.2246
1.226	0.2256
1.227	0.2266
1.228	0.2276
1.229	0.2286
1.23	0.2296
1.231	0.2306
1.232	0.2316
1.233	0.2326
1.234	0.2336
1.235	0.2346
1.236	0.2356
1.237	0.2366
1.238	0.2376
1.239	0.2386
1.24	0.2396
1.241	0.2406
1.242	0.2416
1.242	0.2416
1.243	0.2426
1.244	0.2436
1.245	0.2446
1.246	0.2456
1.247	0.2466
1.248	0.2476
1.249	0.2486
1.25	0.2496
1.251	0.2506
1.252	0.2516
1.253	0.2526
1.254	0.2536
1.255	0.2546
1.256	0.2556
1.257	0.2566
1.258	0.2576
1.259	0.2586
1.26	0.2596
1.261	0.2606
1.262	0.2616
1.262	0.2619
1.263	0.2629
1.264	0.2639
1.265	0.2649
1.266	0.2659
1.267	0.2669
1.268	0.2679
1.269	0.2689
1.27	0.2699
1.271	0.2709
1.272	0.2719
1.273	0.2729
1.274	0.2739
1.275	0.2749
1.276	0.2759
1.277	0.2769
1.278	0.2779
1.279	0.2789
1.28	0.2799
1.281	0.2809
1.282	0.2819
1.283	0.2829
1.284	0.2839
1.285	0.2849
1.286	0.2859
1.286	0.2864
1.287	0.2874
1.288	0.2884
1.289	0.2894
1.29	0.2904
1.291	0.2914
1.292	0.2924
1.293	0.2934
1.294	0.2944
1.295	0.2954
1.296	0.2964
1.297	0.2974
1.298	0.2984
1.299	0.2994
1.3	0.3004
1.301	0.3014
1.302	0.3024
1.303	0.3034
1.304	0.3044
1.305	0.3054
1.306	0.3064
1.307	0.3074
1.308	0.3084
1.309	0.3094
1.31	0.3104
1.311	0.3114
1.312	0.3124
1.313	0.3134
1.314	0.3144
1.315	0.3154
1.316	0.3164
1.317	0.3173
1.318	0.3183
1.319	0.3193
1.32	0.3203
1.321	0.3213
1.322	0.3223
1.323	0.3233
1.324	0.3243
1.325	0.3253
1.326	0.3263
1.327	0.3273
1.328	0.3283
1.329	0.3293
1.33	0.3303
1.331	0.3313
1.332	0.3323
1.333	0.3333
1.334	0.3343
1.335	0.3353
1.336	0.3363
1.337	0.3373
1.338	0.3383
1.339	0.3393
1.34	0.3403
1.341	0.3413
1.342	0.3423
1.343	0.3433
1.344	0.3443
1.345	0.3453
1.346	0.3463
1.347	0.3473
1.348	0.3483
1.349	0.3493
1.35	0.3503
1.351	0.3513
1.352	0.3523
1.353	0.3533
1.354	0.3543
1.355	0.3553
1.356	0.3563
1.357	0.3573
1.358	0.3583
1.359	0.3593
1.36	0.3603
1.361	0.3613
1.362	0.3623
1.363	0.3633
1.364	0.3643
1.365	0.3649
1.366	0.3659
1.367	0.3669
1.368	0.3679
1.369	0.3689
1.37	0.3699
1.371	0.3709
1.372	0.3719
1.373	0.3729
1.374	0.3739
1.375	0.3749
1.376	0.3759
1.377	0.3769
1.378	0.3779
1.379	0.3789
1.38	0.3799
1.381	0.3809
1.382	0.3819
1.383	0.3829
1.384	0.3839
1.385	0.3849
1.386	0.3859
1.387	0.3869
1.388	0.3879
1.389	0.3889
1.39	0.3899
1.391	0.3909
1.392	0.3919
1.393	0.3929
1.394	0.3939
1.395	0.3949
1.396	0.3959
1.397	0.3969
1.398	0.3979
1.399	0.3989
1.4	0.3999
1.401	0.4009
1.402	0.4019
1.403	0.4029
1.404	0.4039
1.405	0.4049
1.406	0.4059
1.407	0.4069
1.408	0.4079
1.409	0.4089
1.41	0.4099
1.411	0.4109
1.412	0.4119
1.413	0.4129
1.414	0.4139
1.415	0.4149
1.416	0.4159
1.417	0.4169
1.418	0.4179
1.419	0.4189
1.42	0.4199
1.421	0.4209
1.422	0.4219
1.423	0.4229
1.424	0.4239
1.425	0.4249
1.426	0.4259
1.427	0.4269
1.428	0.4279
1.429	0.4289
1.43	0.4299
1.431	0.4309
1.432	0.4319
1.433	0.4329
1.434	0.4339
1.435	0.4349
1.436	0.4359
1.437	0.4369
1.438	0.4379
1.439	0.4389
1.44	0.4399
1.441	0.4409
1.442	0.4419
1.443	0.4429
1.444	0.4439
1.445	0.4449
1.446	0.4459
1.447	0.4469
1.448	0.4479
1.449	0.4489
1.45	0.4499
1.451	0.4509
1.452	0.4519
1.453	0.4529
1.454	0.4539
1.455	0.4549
1.456	0.4559
1.457	0.4569
1.458	0.4579
1.459	0.4589
1.46	0.4599
1.461	0.4609
1.462	0.4619
1.463	0.4629
1.464	0.4639
1.465	0.4649
1.466	0.4659
1.467	0.4669
1.468	0.4679
1.469	0.4689
1.47	0.4699
1.471	0.4709
1.472	0.4719
1.473	0.4729
1.474	0.4739
1.475	0.4749
1.476	0.4759
1.477	0.4769
1.478	0.4779
1.479	0.4789
1.48	0.4799
1.481	0.4809
1.482	0.4819
1.483	0.4829
1.484	0.4839
1.485	0.4849
1.486	0.4859
1.487	0.4869
1.488	0.4879
1.489	0.4889
1.49	0.4899
1.491	0.4909
1.492	0.4919
1.493	0.4929
1.494	0.4939
1.495	0.4949
1.496	0.4959
1.497	0.4969
1.498	0.4979
1.499	0.4989
1.5	0.4999
1.501	0.5009
1.502	0.5019
1.503	0.5029
1.504	0.5039
1.505	0.5049
1.506	0.5059
1.507	0.5069
1.508	0.5079
1.509	0.5089
1.51	0.5099
1.511	0.5109
1.512	0.5119
1.513	0.5129
1.514	0.5139
1.515	0.5149
1.516	0.5159
1.517	0.5169
1.518	0.5179
1.519	0.5189
1.52	0.5199
1.521	0.5209
1.522	0.5219
1.523	0.5229
1.524	0.5239
1.525	0.5249
1.526	0.5259
1.527	0.5269
1.528	0.5279
1.529	0.5289
1.53	0.5299
1.531	0.5309
1.532	0.5319
1.533	0.5329
1.534	0.5339
1.535	0.5349
1.536	0.5359
1.537	0.5369
1.538	0.5379
1.539	0.5389
1.54	0.5399
1.541	0.5409
1.542	0.5419
1.543	0.5429
1.544	0.5439
1.545	0.5449
1.546	0.5459
1.547	0.5469
1.548	0.5479
1.549	0.5489
1.55	0.5499
1.551	0.5509
1.552	0.5519
1.553	0.5529
1.554	0.5539
1.555	0.5549
1.556	0.5559
1.557	0.5569
1.558	0.5579
1.559	0.5589
1.56	0.5599
1.561	0.5609
1.562	0.5619
1.563	0.5629
1.564	0.5639
1.565	0.5649
1.566	0.5659
1.567	0.5669
1.568	0.5679
1.569	0.5689
1.57	0.5699
1.571	0.5709
1.572	0.5719
1.573	0.5729
1.574	0.5739
1.575	0.5749
1.576	0.5759
1.577	0.5769
1.578	0.5779
1.579	0.5789
1.58	0.5799
1.581	0.5809
1.582	0.5819
1.583	0.5829
1.584	0.5839
1.585	0.5849
1.586	0.5859
1.587	0.5869
1.588	0.5879
1.589	0.5889
1.59	0.5899
1.591	0.5909
1.592	0.5919
1.593	0.5929
1.594	0.5939
1.595	0.5949
1.596	0.5959
1.597	0.5969
1.598	0.5979
1.599	0.5989
1.6	0.5999
1.601	0.6009
1.602	0.6019
1.603	0.6029
1.604	0.6039
1.605	0.6049
1.606	0.6059
1.607	0.6069
1.608	0.6079
1.609	0.6089
1.61	0.6099
1.611	0.6109
1.612	0.6119
1.613	0.6129
1.614	0.6139
1.615	0.6149
1.616	0.6159
1.617	0.6169
1.618	0.6179
1.619	0.6189
1.62	0.6199
1.621	0.6209
1.622	0.6219
1.623	0.6229
1.624	0.6239
1.625	0.6249
1.626	0.6259
1.627	0.6269
1.628	0.6279
1.629	0.6289
1.63	0.6299
1.631	0.6309
1.632	0.6319
1.633	0.6329
1.634	0.6339
1.635	0.6349
1.636	0.6359
1.637	0.6369
1.638	0.6379
1.639	0.6389
1.64	0.6399
1.641	0.6409
1.642	0.6419
1.643	0.6429
1.644	0.6439
1.645	0.6449
1.646	0.6459
1.647	0.6469
1.648	0.6479
1.649	0.6489
1.65	0.6499
1.651	0.6509
1.652	0.6519
1.653	0.6529
1.654	0.6539
1.655	0.6549
1.656	0.6559
1.657	0.6569
1.658	0.6579
1.659	0.6589
1.66	0.6599
1.661	0.6609
1.662	0.6619
1.663	0.6629
1.664	0.6639
1.665	0.6649
1.666	0.6659
1.667	0.6669
1.668	0.6679
1.669	0.6689
1.67	0.6699
1.671	0.6709
1.672	0.6719
1.673	0.6729
1.674	0.6739
1.675	0.6749
1.676	0.6759
1.677	0.6769
1.678	0.6779
1.679	0.6789
1.68	0.6799
1.681	0.6809
1.682	0.6819
1.683	0.6829
1.684	0.6839
1.685	0.6849
1.686	0.6859
1.687	0.6869
1.688	0.6879
1.689	0.6889
1.69	0.6899
1.691	0.6909
1.692	0.6919
1.693	0.6929
1.694	0.6939
1.695	0.6949
1.696	0.6959
1.697	0.6969
1.698	0.6979
1.699	0.6989
1.7	0.6999
1.701	0.7009
1.702	0.7019
1.703	0.7029
1.704	0.7039
1.705	0.7049
1.706	0.7059
1.707	0.7069
1.708	0.7079
1.709	0.7089
1.71	0.7099
1.711	0.7109
1.712	0.7119
1.713	0.7129
1.714	0.7139
1.715	0.7149
1.716	0.7159
1.717	0.7169
1.718	0.7179
1.719	0.7189
1.72	0.7199
1.721	0.7209
1.722	0.7219
1.723	0.7229
1.724	0.7239
1.725	0.7249
1.726	0.7259
1.727	0.7269
1.728	0.7279
1.729	0.7289
1.73	0.7299
1.731	0.7309
1.732	0.7319
1.733	0.7329
1.734	0.7339
1.735	0.7349
1.736	0.7359
1.737	0.7369
1.738	0.7379
1.739	0.7389
1.74	0.7399
1.741	0.7409
1.742	0.7419
1.743	0.7429
1.744	0.7439
1.745	0.7449
1.746	0.7459
1.747	0.7469
1.748	0.7479
1.749	0.7489
1.75	0.7499
1.751	0.7509
1.752	0.7519
1.753	0.7529
1.754	0.7539
1.755	0.7549
1.756	0.7559
1.757	0.7569
1.758	0.7579
1.759	0.7589
1.76	0.7599
1.761	0.7609
1.762	0.7619
1.763	0.7629
1.764	0.7639
1.765	0.7649
1.766	0.7659
1.767	0.7669
1.768	0.7679
1.769	0.7689
1.77	0.7699
1.771	0.7709
1.772	0.7719
1.773	0.7729
1.774	0.7739
1.775	0.7749
1.776	0.7759
1.777	0.7769
1.778	0.7779
1.779	0.7789
1.78	0.7799
1.781	0.7809
1.782	0.7819
1.783	0.7829
1.784	0.7839
1.785	0.7849
1.786	0.7859
1.787	0.7869
1.788	0.7879
1.789	0.7889
1.79	0.7899
1.791	0.7909
1.792	0.7919
1.793	0.7929
1.794	0.7939
1.795	0.7949
1.796	0.7959
1.797	0.7969
1.798	0.7979
1.799	0.7989
1.8	0.7999
1.801	0.8009
1.802	0.8019
1.803	0.8029
1.804	0.8039
1.805	0.8049
1.806	0.8059
1.807	0.8069
1.808	0.8079
1.809	0.8089
1.81	0.8099
1.811	0.8109
1.812	0.8119
1.813	0.8129
1.814	0.8139
1.815	0.8149
1.816	0.8159
1.817	0.8169
1.818	0.8179
1.819	0.8189
1.82	0.8199
1.821	0.8209
1.822	0.8219
1.823	0.8229
1.824	0.8239
1.825	0.8249
1.826	0.8259
1.827	0.8269
1.828	0.8279
1.829	0.8289
1.83	0.8299
1.831	0.8309
1.832	0.8319
1.833	0.8329
1.834	0.8339
1.835	0.8349
1.836	0.8359
1.837	0.8369
1.838	0.8379
1.839	0.8389
1.84	0.8399
1.841	0.8409
1.842	0.8419
1.843	0.8429
1.844	0.8439
1.845	0.8449
1.846	0.8459
1.847	0.8469
1.848	0.8479
1.849	0.8489
1.85	0.8499
1.851	0.8509
1.852	0.8519
1.853	0.8529
1.854	0.8539
1.855	0.8549
1.856	0.8559
1.857	0.8569
1.858	0.8579
1.859	0.8589
1.86	0.8599
1.861	0.8609
1.862	0.8619
1.863	0.8629
1.864	0.8639
1.865	0.8649
1.866	0.8659
1.867	0.8669
1.868	0.8679
1.869	0.8689
1.87	0.8699
1.871	0.8709
1.872	0.8719
1.873	0.8729
1.874	0.8739
1.875	0.8749
1.876	0.8759
1.877	0.8769
1.878	0.8779
1.879	0.8789
1.88	0.8799
1.881	0.8809
1.882	0.8819
1.883	0.8829
1.884	0.8839
1.885	0.8849
1.886	0.8859
1.887	0.8869
1.888	0.8879
1.889	0.8889
1.89	0.8899
1.891	0.8909
1.892	0.8919
1.893	0.8929
1.894	0.8939
1.895	0.8949
1.896	0.8959
1.897	0.8969
1.898	0.8979
1.899	0.8989
1.9	0.8999
1.901	0.9009
1.902	0.9019
1.903	0.9029
1.904	0.9039
1.905	0.9049
1.906	0.9059
1.907	0.9069
1.908	0.9079
1.909	0.9089
1.91	0.9099
1.911	0.9109
1.912	0.9119
1.913	0.9129
1.914	0.9139
1.915	0.9149
1.916	0.9159
1.917	0.9169
1.918	0.9179
1.919	0.9189
1.92	0.9199
1.921	0.9209
1.922	0.9219
1.923	0.9229
1.924	0.9239
1.925	0.9249
1.926	0.9259
1.927	0.9269
1.928	0.9279
1.929	0.9289
1.93	0.9299
1.931	0.9309
1.932	0.9319
1.933	0.9329
1.934	0.9339
1.935	0.9349
1.936	0.9359
1.937	0.9369
1.938	0.9379
1.939	0.9389
1.94	0.9399
1.941	0.9409
1.942	0.9419
1.943	0.9429
1.944	0.9439
1.945	0.9449
1.946	0.9459
1.947	0.9469
1.948	0.9479
1.949	0.9489
1.95	0.9499
1.951	0.9509
1.952	0.9519
1.953	0.9529
1.954	0.9539
1.955	0.9549
1.956	0.9559
1.957	0.9569
1.958	0.9579
1.959	0.9589
1.96	0.9599
1.961	0.9609
1.962	0.9619
1.963	0.9629
1.964	0.9639
1.965	0.9649
1.966	0.9659
1.967	0.9669
1.968	0.9679
1.969	0.9689
1.97	0.9699
1.971	0.9709
1.972	0.9719
1.973	0.9729
1.974	0.9739
1.975	0.9749
1.976	0.9759
1.977	0.9769
1.978	0.9779
1.979	0.9789
1.98	0.9799
1.981	0.9809
1.982	0.9819
1.983	0.9829
1.984	0.9839
1.985	0.9849
1.986	0.9859
1.987	0.9869
1.988	0.9879
1.989	0.9889
1.99	0.9899
1.991	0.9909
1.992	0.9919
1.993	0.9929
1.994	0.9939
1.995	0.9949
1.996	0.9959
1.997	0.9969
1.998	0.9979
1.999	0.9989
2	0.9999
