0	0.06402
0.001	0.06387
0.002	0.06371
0.003	0.06356
0.004	0.06341
0.005	0.06326
0.006	0.0631
0.007	0.06295
0.008	0.0628
0.009	0.06265
0.01	0.0625
0.011	0.06235
0.012	0.0622
0.013	0.06204
0.014	0.06189
0.015	0.06174
0.016	0.06159
0.017	0.06144
0.018	0.06129
0.019	0.06114
0.02	0.06099
0.021	0.06084
0.022	0.06069
0.023	0.06055
0.024	0.0604
0.025	0.06025
0.026	0.0601
0.027	0.05995
0.028	0.0598
0.029	0.05966
0.03	0.05951
0.031	0.05936
0.032	0.05921
0.033	0.05907
0.034	0.05892
0.035	0.05877
0.036	0.05863
0.037	0.05848
0.038	0.05833
0.039	0.05819
0.04	0.05804
0.041	0.05789
0.042	0.05775
0.043	0.0576
0.044	0.05746
0.045	0.05731
0.046	0.05717
0.047	0.05702
0.048	0.05688
0.049	0.05674
0.05	0.05659
0.051	0.05645
0.052	0.0563
0.053	0.05616
0.054	0.05602
0.055	0.05587
0.056	0.05573
0.057	0.05559
0.058	0.05545
0.059	0.0553
0.06	0.05516
0.061	0.05502
0.062	0.05488
0.063	0.05474
0.064	0.05459
0.065	0.05445
0.066	0.05431
0.067	0.05417
0.068	0.05403
0.069	0.05389
0.07	0.05375
0.071	0.05361
0.072	0.05347
0.073	0.05333
0.074	0.05319
0.075	0.05305
0.076	0.05291
0.077	0.05277
0.078	0.05263
0.079	0.05249
0.08	0.05235
0.081	0.05222
0.082	0.05208
0.083	0.05194
0.084	0.0518
0.085	0.05166
0.086	0.05153
0.087	0.05139
0.088	0.05125
0.089	0.05112
0.09	0.05098
0.091	0.05084
0.092	0.05071
0.093	0.05057
0.094	0.05043
0.095	0.0503
0.096	0.05016
0.097	0.05003
0.098	0.04989
0.099	0.04976
0.1	0.04962
0.101	0.04949
0.102	0.04935
0.103	0.04922
0.104	0.04908
0.105	0.04895
0.106	0.04882
0.107	0.04868
0.108	0.04855
0.109	0.04842
0.11	0.04828
0.111	0.04815
0.112	0.04802
0.113	0.04788
0.114	0.04775
0.115	0.04762
0.116	0.04749
0.117	0.04736
0.118	0.04722
0.119	0.04709
0.12	0.04696
0.121	0.04683
0.122	0.0467
0.123	0.04657
0.124	0.04644
0.125	0.04631
0.126	0.04618
0.127	0.04605
0.128	0.04592
0.129	0.04579
0.13	0.04566
0.131	0.04553
0.132	0.0454
0.133	0.04527
0.134	0.04514
0.135	0.04501
0.136	0.04489
0.137	0.04476
0.138	0.04463
0.139	0.0445
0.14	0.04437
0.141	0.04425
0.142	0.04412
0.143	0.04399
0.144	0.04387
0.145	0.04374
0.146	0.04361
0.147	0.04349
0.148	0.04336
0.149	0.04323
0.15	0.04311
0.151	0.04298
0.152	0.04286
0.153	0.04273
0.154	0.04261
0.155	0.04248
0.156	0.04236
0.157	0.04223
0.158	0.04211
0.159	0.04198
0.16	0.04186
0.161	0.04174
0.162	0.04161
0.163	0.04149
0.164	0.04137
0.165	0.04124
0.166	0.04112
0.167	0.041
0.168	0.04088
0.169	0.04075
0.17	0.04063
0.171	0.04051
0.172	0.04039
0.173	0.04027
0.174	0.04014
0.175	0.04002
0.176	0.0399
0.177	0.03978
0.178	0.03966
0.179	0.03954
0.18	0.03942
0.181	0.0393
0.182	0.03918
0.183	0.03906
0.184	0.03894
0.185	0.03882
0.186	0.0387
0.187	0.03858
0.188	0.03846
0.189	0.03835
0.19	0.03823
0.191	0.03811
0.192	0.03799
0.193	0.03787
0.194	0.03776
0.195	0.03764
0.196	0.03752
0.197	0.0374
0.198	0.03729
0.199	0.03717
0.2	0.03705
0.201	0.03694
0.202	0.03682
0.203	0.0367
0.204	0.03659
0.205	0.03647
0.206	0.03636
0.207	0.03624
0.208	0.03613
0.209	0.03601
0.21	0.0359
0.211	0.03578
0.212	0.03567
0.213	0.03555
0.214	0.03544
0.215	0.03533
0.216	0.03521
0.217	0.0351
0.218	0.03499
0.219	0.03487
0.22	0.03476
0.221	0.03465
0.222	0.03453
0.223	0.03442
0.224	0.03431
0.225	0.0342
0.226	0.03409
0.227	0.03397
0.228	0.03386
0.229	0.03375
0.23	0.03364
0.231	0.03353
0.232	0.03342
0.233	0.03331
0.234	0.0332
0.235	0.03309
0.236	0.03298
0.237	0.03287
0.238	0.03276
0.239	0.03265
0.24	0.03254
0.241	0.03243
0.242	0.03232
0.243	0.03221
0.244	0.0321
0.245	0.03199
0.246	0.03189
0.247	0.03178
0.248	0.03167
0.249	0.03156
0.25	0.03146
0.251	0.03135
0.252	0.03124
0.253	0.03113
0.254	0.03103
0.255	0.03092
0.256	0.03081
0.257	0.03071
0.258	0.0306
0.259	0.0305
0.26	0.03039
0.261	0.03029
0.262	0.03018
0.263	0.03008
0.264	0.02997
0.265	0.02987
0.266	0.02976
0.267	0.02966
0.268	0.02955
0.269	0.02945
0.27	0.02934
0.271	0.02924
0.272	0.02914
0.273	0.02903
0.274	0.02893
0.275	0.02883
0.276	0.02873
0.277	0.02862
0.278	0.02852
0.279	0.02842
0.28	0.02832
0.281	0.02822
0.282	0.02811
0.283	0.02801
0.284	0.02791
0.285	0.02781
0.286	0.02771
0.287	0.02761
0.288	0.02751
0.289	0.02741
0.29	0.02731
0.291	0.02721
0.292	0.02711
0.293	0.02701
0.294	0.02691
0.295	0.02681
0.296	0.02671
0.297	0.02661
0.298	0.02651
0.299	0.02641
0.3	0.02632
0.301	0.02622
0.302	0.02612
0.303	0.02602
0.304	0.02592
0.305	0.02583
0.306	0.02573
0.307	0.02563
0.308	0.02554
0.309	0.02544
0.31	0.02534
0.311	0.02525
0.312	0.02515
0.313	0.02505
0.314	0.02496
0.315	0.02486
0.316	0.02477
0.317	0.02467
0.318	0.02458
0.319	0.02448
0.32	0.02439
0.321	0.02429
0.322	0.0242
0.323	0.02411
0.324	0.02401
0.325	0.02392
0.326	0.02382
0.327	0.02373
0.328	0.02364
0.329	0.02354
0.33	0.02345
0.331	0.02336
0.332	0.02327
0.333	0.02317
0.334	0.02308
0.335	0.02299
0.336	0.0229
0.337	0.02281
0.338	0.02272
0.339	0.02262
0.34	0.02253
0.341	0.02244
0.342	0.02235
0.343	0.02226
0.344	0.02217
0.345	0.02208
0.346	0.02199
0.347	0.0219
0.348	0.02181
0.349	0.02172
0.35	0.02163
0.351	0.02154
0.352	0.02146
0.353	0.02137
0.354	0.02128
0.355	0.02119
0.356	0.0211
0.357	0.02101
0.358	0.02093
0.359	0.02084
0.36	0.02075
0.361	0.02066
0.362	0.02058
0.363	0.02049
0.364	0.0204
0.365	0.02032
0.366	0.02023
0.367	0.02015
0.368	0.02006
0.369	0.01997
0.37	0.01989
0.371	0.0198
0.372	0.01972
0.373	0.01963
0.374	0.01955
0.375	0.01946
0.376	0.01938
0.377	0.0193
0.378	0.01921
0.379	0.01913
0.38	0.01904
0.381	0.01896
0.382	0.01888
0.383	0.01879
0.384	0.01871
0.385	0.01863
0.386	0.01855
0.387	0.01846
0.388	0.01838
0.389	0.0183
0.39	0.01822
0.391	0.01814
0.392	0.01805
0.393	0.01797
0.394	0.01789
0.395	0.01781
0.396	0.01773
0.397	0.01765
0.398	0.01757
0.399	0.01749
0.4	0.01741
0.401	0.01733
0.402	0.01725
0.403	0.01717
0.404	0.01709
0.405	0.01701
0.406	0.01693
0.407	0.01685
0.408	0.01678
0.409	0.0167
0.41	0.01662
0.411	0.01654
0.412	0.01646
0.413	0.01639
0.414	0.01631
0.415	0.01623
0.416	0.01615
0.417	0.01608
0.418	0.016
0.419	0.01592
0.42	0.01585
0.421	0.01577
0.422	0.01569
0.423	0.01562
0.424	0.01554
0.425	0.01547
0.426	0.01539
0.427	0.01532
0.428	0.01524
0.429	0.01517
0.43	0.01509
0.431	0.01502
0.432	0.01495
0.433	0.01487
0.434	0.0148
0.435	0.01472
0.436	0.01465
0.437	0.01458
0.438	0.0145
0.439	0.01443
0.44	0.01436
0.441	0.01429
0.442	0.01421
0.443	0.01414
0.444	0.01407
0.445	0.014
0.446	0.01393
0.447	0.01385
0.448	0.01378
0.449	0.01371
0.45	0.01364
0.451	0.01357
0.452	0.0135
0.453	0.01343
0.454	0.01336
0.455	0.01329
0.456	0.01322
0.457	0.01315
0.458	0.01308
0.459	0.01301
0.46	0.01294
0.461	0.01287
0.462	0.01281
0.463	0.01274
0.464	0.01267
0.465	0.0126
0.466	0.01253
0.467	0.01247
0.468	0.0124
0.469	0.01233
0.47	0.01226
0.471	0.0122
0.472	0.01213
0.473	0.01206
0.474	0.012
0.475	0.01193
0.476	0.01186
0.477	0.0118
0.478	0.01173
0.479	0.01167
0.48	0.0116
0.481	0.01154
0.482	0.01147
0.483	0.01141
0.484	0.01134
0.485	0.01128
0.486	0.01121
0.487	0.01115
0.488	0.01108
0.489	0.01102
0.49	0.01096
0.491	0.01089
0.492	0.01083
0.493	0.01077
0.494	0.01071
0.495	0.01064
0.496	0.01058
0.497	0.01052
0.498	0.01046
0.499	0.01039
0.5	0.01033
0.501	0.01027
0.502	0.01021
0.503	0.01015
0.504	0.01009
0.505	0.01003
0.506	0.009966
0.507	0.009905
0.508	0.009845
0.509	0.009785
0.51	0.009725
0.511	0.009666
0.512	0.009606
0.513	0.009547
0.514	0.009488
0.515	0.009429
0.516	0.00937
0.517	0.009311
0.518	0.009253
0.519	0.009195
0.52	0.009137
0.521	0.009079
0.522	0.009021
0.523	0.008964
0.524	0.008906
0.525	0.008849
0.526	0.008792
0.527	0.008735
0.528	0.008679
0.529	0.008622
0.53	0.008566
0.531	0.00851
0.532	0.008454
0.533	0.008399
0.534	0.008343
0.535	0.008288
0.536	0.008233
0.537	0.008178
0.538	0.008123
0.539	0.008069
0.54	0.008014
0.541	0.00796
0.542	0.007906
0.543	0.007852
0.544	0.007798
0.545	0.007745
0.546	0.007692
0.547	0.007639
0.548	0.007586
0.549	0.007533
0.55	0.00748
0.551	0.007428
0.552	0.007376
0.553	0.007324
0.554	0.007272
0.555	0.00722
0.556	0.007169
0.557	0.007118
0.558	0.007067
0.559	0.007016
0.56	0.006965
0.561	0.006914
0.562	0.006864
0.563	0.006814
0.564	0.006764
0.565	0.006714
0.566	0.006664
0.567	0.006615
0.568	0.006566
0.569	0.006517
0.57	0.006468
0.571	0.006419
0.572	0.006371
0.573	0.006322
0.574	0.006274
0.575	0.006226
0.576	0.006178
0.577	0.006131
0.578	0.006083
0.579	0.006036
0.58	0.005989
0.581	0.005942
0.582	0.005895
0.583	0.005849
0.584	0.005803
0.585	0.005756
0.586	0.00571
0.587	0.005665
0.588	0.005619
0.589	0.005574
0.59	0.005528
0.591	0.005483
0.592	0.005439
0.593	0.005394
0.594	0.005349
0.595	0.005305
0.596	0.005261
0.597	0.005217
0.598	0.005173
0.599	0.00513
0.6	0.005086
0.601	0.005043
0.602	0.005
0.603	0.004957
0.604	0.004914
0.605	0.004872
0.606	0.00483
0.607	0.004788
0.608	0.004746
0.609	0.004704
0.61	0.004662
0.611	0.004621
0.612	0.00458
0.613	0.004539
0.614	0.004498
0.615	0.004457
0.616	0.004417
0.617	0.004376
0.618	0.004336
0.619	0.004296
0.62	0.004257
0.621	0.004217
0.622	0.004178
0.623	0.004139
0.624	0.0041
0.625	0.004061
0.626	0.004022
0.627	0.003984
0.628	0.003945
0.629	0.003907
0.63	0.003869
0.631	0.003832
0.632	0.003794
0.633	0.003757
0.634	0.00372
0.635	0.003683
0.636	0.003646
0.637	0.003609
0.638	0.003573
0.639	0.003536
0.64	0.0035
0.641	0.003464
0.642	0.003429
0.643	0.003393
0.644	0.003358
0.645	0.003323
0.646	0.003288
0.647	0.003253
0.648	0.003218
0.649	0.003184
0.65	0.00315
0.651	0.003116
0.652	0.003082
0.653	0.003048
0.654	0.003014
0.655	0.002981
0.656	0.002948
0.657	0.002915
0.658	0.002882
0.659	0.00285
0.66	0.002817
0.661	0.002785
0.662	0.002753
0.663	0.002721
0.664	0.002689
0.665	0.002658
0.666	0.002627
0.667	0.002595
0.668	0.002564
0.669	0.002534
0.67	0.002503
0.671	0.002473
0.672	0.002442
0.673	0.002412
0.674	0.002383
0.675	0.002353
0.676	0.002323
0.677	0.002294
0.678	0.002265
0.679	0.002236
0.68	0.002207
0.681	0.002179
0.682	0.00215
0.683	0.002122
0.684	0.002094
0.685	0.002066
0.686	0.002039
0.687	0.002011
0.688	0.001984
0.689	0.001957
0.69	0.00193
0.691	0.001903
0.692	0.001876
0.693	0.00185
0.694	0.001824
0.695	0.001798
0.696	0.001772
0.697	0.001746
0.698	0.001721
0.699	0.001696
0.7	0.001671
0.701	0.001646
0.702	0.001621
0.703	0.001596
0.704	0.001572
0.705	0.001548
0.706	0.001524
0.707	0.0015
0.708	0.001476
0.709	0.001453
0.71	0.00143
0.711	0.001407
0.712	0.001384
0.713	0.001361
0.714	0.001338
0.715	0.001316
0.716	0.001294
0.717	0.001272
0.718	0.00125
0.719	0.001229
0.72	0.001207
0.721	0.001186
0.722	0.001165
0.723	0.001144
0.724	0.001123
0.725	0.001103
0.726	0.001082
0.727	0.001062
0.728	0.001042
0.729	0.001022
0.73	0.001003
0.731	0.0009834
0.732	0.0009642
0.733	0.0009451
0.734	0.0009263
0.735	0.0009076
0.736	0.0008891
0.737	0.0008707
0.738	0.0008526
0.739	0.0008346
0.74	0.0008169
0.741	0.0007993
0.742	0.0007819
0.743	0.0007647
0.744	0.0007476
0.745	0.0007308
0.746	0.0007141
0.747	0.0006976
0.748	0.0006813
0.749	0.0006652
0.75	0.0006492
0.751	0.0006334
0.752	0.0006179
0.753	0.0006025
0.754	0.0005873
0.755	0.0005722
0.756	0.0005574
0.757	0.0005427
0.758	0.0005283
0.759	0.000514
0.76	0.0004998
0.761	0.0004859
0.762	0.0004722
0.763	0.0004586
0.764	0.0004452
0.765	0.000432
0.766	0.000419
0.767	0.0004062
0.768	0.0003935
0.769	0.0003811
0.77	0.0003688
0.771	0.0003567
0.772	0.0003448
0.773	0.000333
0.774	0.0003215
0.775	0.0003101
0.776	0.0002989
0.777	0.0002879
0.778	0.0002771
0.779	0.0002665
0.78	0.000256
0.781	0.0002458
0.782	0.0002357
0.783	0.0002258
0.784	0.0002161
0.785	0.0002065
0.786	0.0001972
0.787	0.000188
0.788	0.000179
0.789	0.0001702
0.79	0.0001616
0.791	0.0001531
0.792	0.0001449
0.793	0.0001368
0.794	0.0001289
0.795	0.0001212
0.796	0.0001137
0.797	0.0001064
0.798	9.921e-05
0.799	9.223e-05
0.8	8.544e-05
0.801	7.883e-05
0.802	7.241e-05
0.803	6.617e-05
0.804	6.011e-05
0.805	5.423e-05
0.806	4.854e-05
0.807	4.303e-05
0.808	3.771e-05
0.809	3.256e-05
0.81	2.76e-05
0.811	2.282e-05
0.812	1.823e-05
0.813	1.382e-05
0.814	9.591e-06
0.815	5.546e-06
0.816	1.684e-06
0.817	-1.994e-06
0.818	-5.49e-06
0.819	-8.803e-06
0.82	-1.193e-05
0.821	-1.488e-05
0.822	-1.764e-05
0.823	-2.022e-05
0.824	-2.262e-05
0.825	-2.484e-05
0.826	-2.687e-05
0.827	-2.872e-05
0.828	-3.038e-05
0.829	-3.186e-05
0.83	-3.316e-05
0.831	-3.428e-05
0.832	-3.521e-05
0.833	-3.596e-05
0.834	-3.653e-05
0.835	-3.691e-05
0.836	-3.711e-05
0.837	-3.713e-05
0.838	-3.697e-05
0.839	-3.662e-05
0.84	-3.609e-05
0.841	-3.537e-05
0.842	-3.448e-05
0.843	-3.34e-05
0.844	-3.213e-05
0.845	-3.069e-05
0.846	-2.906e-05
0.847	-2.724e-05
0.848	-2.525e-05
0.849	-2.307e-05
0.85	-2.071e-05
0.851	-1.816e-05
0.852	-1.544e-05
0.853	-1.253e-05
0.854	-9.432e-06
0.855	-6.155e-06
0.856	-2.695e-06
0.857	9.478e-07
0.858	4.774e-06
0.859	8.783e-06
0.86	1.298e-05
0.861	1.735e-05
0.862	2.191e-05
0.863	2.665e-05
0.864	3.157e-05
0.865	3.668e-05
0.866	4.197e-05
0.867	4.745e-05
0.868	5.31e-05
0.869	5.894e-05
0.87	6.496e-05
0.871	7.117e-05
0.872	7.756e-05
0.873	8.413e-05
0.874	9.088e-05
0.875	9.782e-05
0.876	0.0001049
0.877	0.0001122
0.878	0.0001197
0.879	0.0001274
0.88	0.0001353
0.881	0.0001433
0.882	0.0001515
0.883	0.0001599
0.884	0.0001685
0.885	0.0001773
0.886	0.0001862
0.887	0.0001954
0.888	0.0002047
0.889	0.0002142
0.89	0.0002239
0.891	0.0002337
0.892	0.0002438
0.893	0.000254
0.894	0.0002644
0.895	0.000275
0.896	0.0002858
0.897	0.0002968
0.898	0.0003079
0.899	0.0003192
0.9	0.0003308
0.901	0.0003425
0.902	0.0003543
0.903	0.0003664
0.904	0.0003786
0.905	0.0003911
0.906	0.0004037
0.907	0.0004165
0.908	0.0004295
0.909	0.0004426
0.91	0.000456
0.911	0.0004695
0.912	0.0004832
0.913	0.0004971
0.914	0.0005112
0.915	0.0005254
0.916	0.0005399
0.917	0.0005545
0.918	0.0005693
0.919	0.0005843
0.92	0.0005995
0.921	0.0006148
0.9214	0.0007958
0.9224	0.000782
0.9234	0.0007727
0.9244	0.0007677
0.9254	0.0007671
0.9264	0.0007709
0.9274	0.0007791
0.9284	0.0007917
0.9294	0.0008086
0.9304	0.00083
0.9314	0.0008558
0.9324	0.000886
0.9334	0.0009205
0.9344	0.0009595
0.9354	0.001003
0.9364	0.001051
0.9374	0.001103
0.9382	0.001702
0.9392	0.00156
0.9402	0.001448
0.9412	0.001367
0.9422	0.001318
0.9432	0.001299
0.9442	0.001311
0.9452	0.001354
0.9462	0.001428
0.9472	0.001532
0.9482	0.001668
0.9492	0.001835
0.9494	0.001937
0.9504	0.001767
0.9514	0.001655
0.9524	0.001603
0.9534	0.00161
0.9544	0.001675
0.9554	0.0018
0.9564	0.001983
0.9574	0.002225
0.9584	0.002526
0.9585	0.002273
0.9595	0.002352
0.9605	0.002413
0.9615	0.002456
0.9625	0.002482
0.9635	0.002489
0.9645	0.002479
0.9655	0.00245
0.9664	0.002756
0.9674	0.002832
0.9684	0.002894
0.9694	0.002943
0.9704	0.002977
0.9714	0.002998
0.9724	0.003006
0.9734	0.002999
0.9735	0.003634
0.9745	0.003338
0.9755	0.003163
0.9765	0.00311
0.9775	0.003178
0.9785	0.003368
0.9795	0.00368
0.9802	0.003924
0.9812	0.004101
0.9822	0.004261
0.9832	0.004405
0.9842	0.004531
0.9852	0.004641
0.9862	0.004734
0.9866	0.004818
0.9876	0.004863
0.9886	0.004977
0.9896	0.005158
0.9906	0.005407
0.9916	0.005724
0.9926	0.006109
0.9927	0.004033
0.9937	0.005063
0.9947	0.005741
0.9957	0.006067
0.9967	0.00604
0.9977	0.005661
0.9987	0.004929
0.9989	0.005898
0.9999	0.006082
1.001	0.006247
1.002	0.006393
1.003	0.006519
1.004	0.006625
1.005	0.006712
1.005	0.006809
1.006	0.006954
1.007	0.007134
1.008	0.007349
1.009	0.007599
1.01	0.007883
1.011	0.008203
1.011	0.007757
1.012	0.008008
1.013	0.008269
1.014	0.008542
1.015	0.008826
1.016	0.00912
1.017	0.009427
1.018	0.009919
1.019	0.009948
1.02	0.009986
1.021	0.01003
1.022	0.01009
1.023	0.01015
1.024	0.01022
1.025	0.01014
1.026	0.01072
1.027	0.01121
1.028	0.0116
1.029	0.01191
1.03	0.01214
1.031	0.01227
1.032	0.01231
1.032	0.01287
1.033	0.01295
1.034	0.01304
1.035	0.01313
1.036	0.01324
1.037	0.01335
1.038	0.01346
1.039	0.01359
1.04	0.01373
1.041	0.01541
1.042	0.01543
1.043	0.01552
1.044	0.01569
1.045	0.01592
1.046	0.01621
1.047	0.01658
1.048	0.01701
1.049	0.01751
1.05	0.01808
1.051	0.01714
1.052	0.01739
1.053	0.01766
1.054	0.01794
1.055	0.01823
1.056	0.01854
1.057	0.01886
1.058	0.0192
1.059	0.01955
1.06	0.01991
1.061	0.02029
1.062	0.02068
1.063	0.02108
1.063	0.02284
1.064	0.02301
1.065	0.02321
1.066	0.02343
1.067	0.02366
1.068	0.02392
1.069	0.0242
1.07	0.02449
1.071	0.02481
1.072	0.02514
1.073	0.0255
1.074	0.02587
1.075	0.02627
1.076	0.02668
1.077	0.02712
1.078	0.02757
1.079	0.02804
1.08	0.02854
1.081	0.02905
1.082	0.02958
1.083	0.02867
1.084	0.0292
1.085	0.02974
1.086	0.03028
1.087	0.03082
1.088	0.03136
1.089	0.0319
1.09	0.03245
1.091	0.033
1.092	0.03355
1.093	0.0341
1.094	0.03466
1.095	0.03521
1.096	0.03577
1.097	0.03633
1.098	0.0369
1.099	0.03746
1.1	0.03803
1.101	0.0386
1.102	0.03917
1.103	0.03974
1.104	0.04032
1.105	0.0409
1.106	0.04148
1.107	0.04206
1.108	0.04264
1.109	0.04323
1.11	0.04382
1.111	0.04441
1.112	0.045
1.113	0.04559
1.114	0.04619
1.115	0.04679
1.116	0.04739
1.117	0.04799
1.118	0.0486
1.119	0.0492
1.12	0.04981
1.121	0.05042
1.122	0.05104
1.123	0.05165
1.124	0.05227
1.125	0.05289
1.126	0.05351
1.127	0.05413
1.128	0.05476
1.129	0.05539
1.13	0.05602
1.131	0.05665
1.132	0.05728
1.133	0.05792
1.134	0.05856
1.135	0.0592
1.136	0.05984
1.137	0.06049
1.138	0.06113
1.139	0.06178
1.14	0.06243
1.141	0.06308
1.142	0.06374
1.143	0.0644
1.144	0.06506
1.145	0.06572
1.146	0.06638
1.147	0.06705
1.148	0.06771
1.149	0.06838
1.15	0.06905
1.151	0.06973
1.152	0.0704
1.153	0.07108
1.154	0.07176
1.155	0.07244
1.156	0.07313
1.157	0.07381
1.158	0.0745
1.159	0.07519
1.16	0.07589
1.161	0.07658
1.162	0.07728
1.163	0.07798
1.164	0.07868
1.165	0.07938
1.166	0.08009
1.167	0.08079
1.168	0.0815
1.169	0.08221
1.17	0.08293
1.171	0.08364
1.172	0.08436
1.173	0.08508
1.174	0.0858
1.175	0.08652
1.176	0.08725
1.177	0.08798
1.178	0.08871
1.179	0.08944
1.18	0.09017
1.181	0.09091
1.182	0.09165
1.183	0.09239
1.184	0.09313
1.185	0.09388
1.186	0.09462
1.187	0.09537
1.188	0.09612
1.189	0.09688
1.19	0.09763
1.191	0.09839
1.192	0.09915
1.193	0.09991
1.194	0.1007
1.195	0.1014
1.196	0.1022
1.197	0.103
1.198	0.1037
1.199	0.1045
1.2	0.1053
1.201	0.1061
1.202	0.1069
1.203	0.1076
1.204	0.1084
1.205	0.1092
1.206	0.11
1.207	0.1108
1.208	0.1116
1.209	0.1124
1.21	0.1132
1.211	0.114
1.212	0.1148
1.213	0.1156
1.214	0.1164
1.215	0.1172
1.216	0.118
1.217	0.1188
1.218	0.1196
1.219	0.1204
1.22	0.1213
1.221	0.1221
1.222	0.1229
1.223	0.1237
1.224	0.1245
1.225	0.1254
1.226	0.1262
1.227	0.127
1.228	0.1279
1.229	0.1287
1.23	0.1295
1.231	0.1304
1.232	0.1312
1.233	0.1321
1.234	0.1329
1.235	0.1338
1.236	0.1346
1.237	0.1355
1.238	0.1363
1.239	0.1372
1.24	0.138
1.241	0.1389
1.242	0.1398
1.243	0.1406
1.244	0.1415
1.245	0.1424
1.246	0.1432
1.247	0.1441
1.248	0.145
1.249	0.1459
1.25	0.1468
1.251	0.1476
1.252	0.1485
1.253	0.1494
1.254	0.1503
1.255	0.1512
1.256	0.1521
1.257	0.153
1.258	0.1539
1.259	0.1548
1.26	0.1557
1.261	0.1566
1.262	0.1575
1.263	0.1584
1.264	0.1593
1.265	0.1602
1.266	0.1611
1.267	0.162
1.268	0.163
1.269	0.1639
1.27	0.1648
1.271	0.1657
1.272	0.1667
1.273	0.1676
1.274	0.1685
1.275	0.1694
1.276	0.1704
1.277	0.1713
1.278	0.1723
1.279	0.1732
1.28	0.1741
1.281	0.1751
1.282	0.176
1.283	0.177
1.284	0.1779
1.285	0.1789
1.286	0.1798
1.287	0.1808
1.288	0.1818
1.289	0.1827
1.29	0.1837
1.291	0.1846
1.292	0.1856
1.293	0.1866
1.294	0.1876
1.295	0.1885
1.296	0.1895
1.297	0.1905
1.298	0.1915
1.299	0.1925
1.3	0.1934
1.301	0.1944
1.302	0.1954
1.303	0.1964
1.304	0.1974
1.305	0.1984
1.306	0.1994
1.307	0.2004
1.308	0.2014
1.309	0.2024
1.31	0.2034
1.311	0.2044
1.312	0.2054
1.313	0.2064
1.314	0.2074
1.315	0.2085
1.316	0.2095
1.317	0.2105
1.318	0.2115
1.319	0.2125
1.32	0.2136
1.321	0.2146
1.322	0.2156
1.323	0.2167
1.324	0.2177
1.325	0.2187
1.326	0.2198
1.327	0.2208
1.328	0.2219
1.329	0.2229
1.33	0.2239
1.331	0.225
1.332	0.226
1.333	0.2271
1.334	0.2282
1.335	0.2292
1.336	0.2303
1.337	0.2313
1.338	0.2324
1.339	0.2335
1.34	0.2345
1.341	0.2356
1.342	0.2367
1.343	0.2378
1.344	0.2388
1.345	0.2399
1.346	0.241
1.347	0.2421
1.348	0.2432
1.349	0.2442
1.35	0.2453
1.351	0.2464
1.352	0.2475
1.353	0.2486
1.354	0.2497
1.355	0.2508
1.356	0.2519
1.357	0.253
1.358	0.2541
1.359	0.2552
1.36	0.2563
1.361	0.2574
1.362	0.2586
1.363	0.2597
1.364	0.2608
1.365	0.2619
1.366	0.263
1.367	0.2642
1.368	0.2653
1.369	0.2664
1.37	0.2675
1.371	0.2687
1.372	0.2698
1.373	0.271
1.374	0.2721
1.375	0.2732
1.376	0.2744
1.377	0.2755
1.378	0.2767
1.379	0.2778
1.38	0.279
1.381	0.2801
1.382	0.2813
1.383	0.2824
1.384	0.2836
1.385	0.2848
1.386	0.2859
1.387	0.2871
1.388	0.2883
1.389	0.2894
1.39	0.2906
1.391	0.2918
1.392	0.293
1.393	0.2941
1.394	0.2953
1.395	0.2965
1.396	0.2977
1.397	0.2989
1.398	0.3001
1.399	0.3012
1.4	0.3024
1.401	0.3036
1.402	0.3048
1.403	0.306
1.404	0.3072
1.405	0.3084
1.406	0.3096
1.407	0.3109
1.408	0.3121
1.409	0.3133
1.41	0.3145
1.411	0.3157
1.412	0.3169
1.413	0.3181
1.414	0.3194
1.415	0.3206
1.416	0.3218
1.417	0.323
1.418	0.3243
1.419	0.3255
1.42	0.3267
1.421	0.328
1.422	0.3292
1.423	0.3305
1.424	0.3317
1.425	0.333
1.426	0.3342
1.427	0.3355
1.428	0.3367
1.429	0.338
1.43	0.3392
1.431	0.3405
1.432	0.3417
1.433	0.343
1.434	0.3443
1.435	0.3455
1.436	0.3468
1.437	0.3481
1.438	0.3493
1.439	0.3506
1.44	0.3519
1.441	0.3532
1.442	0.3544
1.443	0.3557
1.444	0.357
1.445	0.3583
1.446	0.3596
1.447	0.3609
1.448	0.3622
1.449	0.3635
1.45	0.3648
1.451	0.3661
1.452	0.3674
1.453	0.3687
1.454	0.37
1.455	0.3713
1.456	0.3726
1.457	0.3739
1.458	0.3752
1.459	0.3765
1.46	0.3779
1.461	0.3792
1.462	0.3805
1.463	0.3818
1.464	0.3832
1.465	0.3845
1.466	0.3858
1.467	0.3871
1.468	0.3885
1.469	0.3898
1.47	0.3912
1.471	0.3925
1.472	0.3938
1.473	0.3952
1.474	0.3965
1.475	0.3979
1.476	0.3992
1.477	0.4006
1.478	0.402
1.479	0.4033
1.48	0.4047
1.481	0.406
1.482	0.4074
1.483	0.4088
1.484	0.4101
1.485	0.4115
1.486	0.4129
1.487	0.4143
1.488	0.4156
1.489	0.417
1.49	0.4184
1.491	0.4198
1.492	0.4212
1.493	0.4225
1.494	0.4239
1.495	0.4253
1.496	0.4267
1.497	0.4281
1.498	0.4295
1.499	0.4309
1.5	0.4323
1.501	0.4337
1.502	0.4351
1.503	0.4365
1.504	0.4379
1.505	0.4394
1.506	0.4408
1.507	0.4422
1.508	0.4436
1.509	0.445
1.51	0.4464
1.511	0.4479
1.512	0.4493
1.513	0.4507
1.514	0.4522
1.515	0.4536
1.516	0.455
1.517	0.4565
1.518	0.4579
1.519	0.4593
1.52	0.4608
1.521	0.4622
1.522	0.4637
1.523	0.4651
1.524	0.4666
1.525	0.468
1.526	0.4695
1.527	0.471
1.528	0.4724
1.529	0.4739
1.53	0.4753
1.531	0.4768
1.532	0.4783
1.533	0.4798
1.534	0.4812
1.535	0.4827
1.536	0.4842
1.537	0.4857
1.538	0.4871
1.539	0.4886
1.54	0.4901
1.541	0.4916
1.542	0.4931
1.543	0.4946
1.544	0.4961
1.545	0.4976
1.546	0.4991
1.547	0.5006
1.548	0.5021
1.549	0.5036
1.55	0.5051
1.551	0.5066
1.552	0.5081
1.553	0.5096
1.554	0.5111
1.555	0.5126
1.556	0.5142
1.557	0.5157
1.558	0.5172
1.559	0.5187
1.56	0.5203
1.561	0.5218
1.562	0.5233
1.563	0.5248
1.564	0.5264
1.565	0.5279
1.566	0.5295
1.567	0.531
1.568	0.5325
1.569	0.5341
1.57	0.5356
1.571	0.5372
1.572	0.5387
1.573	0.5403
1.574	0.5419
1.575	0.5434
1.576	0.545
1.577	0.5465
1.578	0.5481
1.579	0.5497
1.58	0.5512
1.581	0.5528
1.582	0.5544
1.583	0.556
1.584	0.5575
1.585	0.5591
1.586	0.5607
1.587	0.5623
1.588	0.5639
1.589	0.5655
1.59	0.567
1.591	0.5686
1.592	0.5702
1.593	0.5718
1.594	0.5734
1.595	0.575
1.596	0.5766
1.597	0.5782
1.598	0.5798
1.599	0.5814
1.6	0.5831
1.601	0.5847
1.602	0.5863
1.603	0.5879
1.604	0.5895
1.605	0.5911
1.606	0.5928
1.607	0.5944
1.608	0.596
1.609	0.5976
1.61	0.5993
1.611	0.6009
1.612	0.6025
1.613	0.6042
1.614	0.6058
1.615	0.6075
1.616	0.6091
1.617	0.6108
1.618	0.6124
1.619	0.6141
1.62	0.6157
1.621	0.6174
1.622	0.619
1.623	0.6207
1.624	0.6223
1.625	0.624
1.626	0.6257
1.627	0.6273
1.628	0.629
1.629	0.6307
1.63	0.6323
1.631	0.634
1.632	0.6357
1.633	0.6374
1.634	0.6391
1.635	0.6407
1.636	0.6424
1.637	0.6441
1.638	0.6458
1.639	0.6475
1.64	0.6492
1.641	0.6509
1.642	0.6526
1.643	0.6543
1.644	0.656
1.645	0.6577
1.646	0.6594
1.647	0.6611
1.648	0.6628
1.649	0.6645
1.65	0.6663
1.651	0.668
1.652	0.6697
1.653	0.6714
1.654	0.6731
1.655	0.6749
1.656	0.6766
1.657	0.6783
1.658	0.68
1.659	0.6818
1.66	0.6835
1.661	0.6853
1.662	0.687
1.663	0.6887
1.664	0.6905
1.665	0.6922
1.666	0.694
1.667	0.6957
1.668	0.6975
1.669	0.6992
1.67	0.701
1.671	0.7027
1.672	0.7045
1.673	0.7063
1.674	0.708
1.675	0.7098
1.676	0.7116
1.677	0.7133
1.678	0.7151
1.679	0.7169
1.68	0.7187
1.681	0.7205
1.682	0.7222
1.683	0.724
1.684	0.7258
1.685	0.7276
1.686	0.7294
1.687	0.7312
1.688	0.733
1.689	0.7348
1.69	0.7366
1.691	0.7384
1.692	0.7402
1.693	0.742
1.694	0.7438
1.695	0.7456
1.696	0.7474
1.697	0.7492
1.698	0.751
1.699	0.7528
1.7	0.7547
1.701	0.7565
1.702	0.7583
1.703	0.7601
1.704	0.762
1.705	0.7638
1.706	0.7656
1.707	0.7675
1.708	0.7693
1.709	0.7711
1.71	0.773
1.711	0.7748
1.712	0.7767
1.713	0.7785
1.714	0.7804
1.715	0.7822
1.716	0.7841
1.717	0.7859
1.718	0.7878
1.719	0.7896
1.72	0.7915
1.721	0.7934
1.722	0.7952
1.723	0.7971
1.724	0.799
1.725	0.8008
1.726	0.8027
1.727	0.8046
1.728	0.8065
1.729	0.8083
1.73	0.8102
1.731	0.8121
1.732	0.814
1.733	0.8159
1.734	0.8178
1.735	0.8197
1.736	0.8216
1.737	0.8234
1.738	0.8253
1.739	0.8272
1.74	0.8292
1.741	0.8311
1.742	0.833
1.743	0.8349
1.744	0.8368
1.745	0.8387
1.746	0.8406
1.747	0.8425
1.748	0.8444
1.749	0.8464
1.75	0.8483
1.751	0.8502
1.752	0.8521
1.753	0.8541
1.754	0.856
1.755	0.8579
1.756	0.8599
1.757	0.8618
1.758	0.8638
1.759	0.8657
1.76	0.8676
1.761	0.8696
1.762	0.8715
1.763	0.8735
1.764	0.8754
1.765	0.8774
1.766	0.8794
1.767	0.8813
1.768	0.8833
1.769	0.8852
1.77	0.8872
1.771	0.8892
1.772	0.8911
1.773	0.8931
1.774	0.8951
1.775	0.8971
1.776	0.899
1.777	0.901
1.778	0.903
1.779	0.905
1.78	0.907
1.781	0.909
1.782	0.911
1.783	0.9129
1.784	0.9149
1.785	0.9169
1.786	0.9189
1.787	0.9209
1.788	0.9229
1.789	0.9249
1.79	0.927
1.791	0.929
1.792	0.931
1.793	0.933
1.794	0.935
1.795	0.937
1.796	0.939
1.797	0.9411
1.798	0.9431
1.799	0.9451
1.8	0.9471
1.801	0.9492
1.802	0.9512
1.803	0.9532
1.804	0.9553
1.805	0.9573
1.806	0.9594
1.807	0.9614
1.808	0.9634
1.809	0.9655
1.81	0.9675
1.811	0.9696
1.812	0.9716
1.813	0.9737
1.814	0.9758
1.815	0.9778
1.816	0.9799
1.817	0.9819
1.818	0.984
1.819	0.9861
1.82	0.9881
1.821	0.9902
1.822	0.9923
1.823	0.9944
1.824	0.9964
1.825	0.9985
1.826	1.001
1.827	1.003
1.828	1.005
1.829	1.007
1.83	1.009
1.831	1.011
1.832	1.013
1.833	1.015
1.834	1.017
1.835	1.019
1.836	1.022
1.837	1.024
1.838	1.026
1.839	1.028
1.84	1.03
1.841	1.032
1.842	1.034
1.843	1.036
1.844	1.038
1.845	1.041
1.846	1.043
1.847	1.045
1.848	1.047
1.849	1.049
1.85	1.051
1.851	1.053
1.852	1.055
1.853	1.058
1.854	1.06
1.855	1.062
1.856	1.064
1.857	1.066
1.858	1.068
1.859	1.07
1.86	1.073
1.861	1.075
1.862	1.077
1.863	1.079
1.864	1.081
1.865	1.083
1.866	1.086
1.867	1.088
1.868	1.09
1.869	1.092
1.87	1.094
1.871	1.096
1.872	1.099
1.873	1.101
1.874	1.103
1.875	1.105
1.876	1.107
1.877	1.11
1.878	1.112
1.879	1.114
1.88	1.116
1.881	1.118
1.882	1.121
1.883	1.123
1.884	1.125
1.885	1.127
1.886	1.129
1.887	1.132
1.888	1.134
1.889	1.136
1.89	1.138
1.891	1.14
1.892	1.143
1.893	1.145
1.894	1.147
1.895	1.149
1.896	1.152
1.897	1.154
1.898	1.156
1.899	1.158
1.9	1.16
1.901	1.163
1.902	1.165
1.903	1.167
1.904	1.169
1.905	1.172
1.906	1.174
1.907	1.176
1.908	1.178
1.909	1.181
1.91	1.183
1.911	1.185
1.912	1.187
1.913	1.19
1.914	1.192
1.915	1.194
1.916	1.197
1.917	1.199
1.918	1.201
1.919	1.203
1.92	1.206
1.921	1.208
1.922	1.21
1.923	1.213
1.924	1.215
1.925	1.217
1.926	1.219
1.927	1.222
1.928	1.224
1.929	1.226
1.93	1.229
1.931	1.231
1.932	1.233
1.933	1.235
1.934	1.238
1.935	1.24
1.936	1.242
1.937	1.245
1.938	1.247
1.939	1.249
1.94	1.252
1.941	1.254
1.942	1.256
1.943	1.259
1.944	1.261
1.945	1.263
1.946	1.266
1.947	1.268
1.948	1.27
1.949	1.273
1.95	1.275
1.951	1.277
1.952	1.28
1.953	1.282
1.954	1.284
1.955	1.287
1.956	1.289
1.957	1.291
1.958	1.294
1.959	1.296
1.96	1.299
1.961	1.301
1.962	1.303
1.963	1.306
1.964	1.308
1.965	1.31
1.966	1.313
1.967	1.315
1.968	1.317
1.969	1.32
1.97	1.322
1.971	1.325
1.972	1.327
1.973	1.329
1.974	1.332
1.975	1.334
1.976	1.337
1.977	1.339
1.978	1.341
1.979	1.344
1.98	1.346
1.981	1.349
1.982	1.351
1.983	1.353
1.984	1.356
1.985	1.358
1.986	1.361
1.987	1.363
1.988	1.365
1.989	1.368
1.99	1.37
1.991	1.373
1.992	1.375
1.993	1.378
1.994	1.38
1.995	1.382
1.996	1.385
1.997	1.387
1.998	1.39
1.999	1.392
2	1.395
