0	0
0.001	0
0.002	0
0.003	0
0.004	0
0.005	0
0.006	0
0.007	0
0.008	0
0.009	0
0.01	0
0.011	0
0.012	0
0.013	0
0.014	0
0.015	0
0.016	0
0.017	0
0.018	0
0.019	0
0.02	0
0.021	0
0.022	0
0.023	0
0.024	0
0.025	0
0.026	0
0.027	0
0.028	0
0.029	0
0.03	0
0.031	0
0.032	0
0.033	0
0.034	0
0.035	0
0.036	0
0.037	0
0.038	0
0.039	0
0.04	0
0.041	0
0.042	0
0.043	0
0.044	0
0.045	0
0.046	0
0.047	0
0.048	0
0.049	0
0.05	0
0.051	0
0.052	0
0.053	0
0.054	0
0.055	0
0.056	0
0.057	0
0.058	0
0.059	0
0.06	0
0.061	0
0.062	0
0.063	0
0.064	0
0.065	0
0.066	0
0.067	0
0.068	0
0.069	0
0.07	0
0.071	0
0.072	0
0.073	0
0.074	0
0.075	0
0.076	0
0.077	0
0.078	0
0.079	0
0.08	0
0.081	0
0.082	0
0.083	0
0.084	0
0.085	0
0.086	0
0.087	0
0.088	0
0.089	0
0.09	0
0.091	0
0.092	0
0.093	0
0.094	0
0.095	0
0.096	0
0.097	0
0.098	0
0.099	0
0.1	0
0.101	0
0.102	0
0.103	0
0.104	0
0.105	0
0.106	0
0.107	0
0.108	0
0.109	0
0.11	0
0.111	0
0.112	0
0.113	0
0.114	0
0.115	0
0.116	0
0.117	0
0.118	0
0.119	0
0.12	0
0.121	0
0.122	0
0.123	0
0.124	0
0.125	0
0.126	0
0.127	0
0.128	0
0.129	0
0.13	0
0.131	0
0.132	0
0.133	0
0.134	0
0.135	0
0.136	0
0.137	0
0.138	0
0.139	0
0.14	0
0.141	0
0.142	0
0.143	0
0.144	0
0.145	0
0.146	0
0.147	0
0.148	0
0.149	0
0.15	0
0.151	0
0.152	0
0.153	0
0.154	0
0.155	0
0.156	0
0.157	0
0.158	0
0.159	0
0.16	0
0.161	0
0.162	0
0.163	0
0.164	0
0.165	0
0.166	0
0.167	0
0.168	0
0.169	0
0.17	0
0.171	0
0.172	0
0.173	0
0.174	0
0.175	0
0.176	0
0.177	0
0.178	0
0.179	0
0.18	0
0.181	0
0.182	0
0.183	0
0.184	0
0.185	0
0.186	0
0.187	0
0.188	0
0.189	0
0.19	0
0.191	0
0.192	0
0.193	0
0.194	0
0.195	0
0.196	0
0.197	0
0.198	0
0.199	0
0.2	0
0.201	0
0.202	0
0.203	0
0.204	0
0.205	0
0.206	0
0.207	0
0.208	0
0.209	0
0.21	0
0.211	0
0.212	0
0.213	0
0.214	0
0.215	0
0.216	0
0.217	0
0.218	0
0.219	0
0.22	0
0.221	0
0.222	0
0.223	0
0.224	0
0.225	0
0.226	0
0.227	0
0.228	0
0.229	0
0.23	0
0.231	0
0.232	0
0.233	0
0.234	0
0.235	0
0.236	0
0.237	0
0.238	0
0.239	0
0.24	0
0.241	0
0.242	0
0.243	0
0.244	0
0.245	0
0.246	0
0.247	0
0.248	0
0.249	0
0.25	0
0.251	0
0.252	0
0.253	0
0.254	0
0.255	0
0.256	0
0.257	0
0.258	0
0.259	0
0.26	0
0.261	0
0.262	0
0.263	0
0.264	0
0.265	0
0.266	0
0.267	0
0.268	0
0.269	0
0.27	0
0.271	0
0.272	0
0.273	0
0.274	0
0.275	0
0.276	0
0.277	0
0.278	0
0.279	0
0.28	0
0.281	0
0.282	0
0.283	0
0.284	0
0.285	0
0.286	0
0.287	0
0.288	0
0.289	0
0.29	0
0.291	0
0.292	0
0.293	0
0.294	0
0.295	0
0.296	0
0.297	0
0.298	0
0.299	0
0.3	0
0.301	0
0.302	0
0.303	0
0.304	0
0.305	0
0.306	0
0.307	0
0.308	0
0.309	0
0.31	0
0.311	0
0.312	0
0.313	0
0.314	0
0.315	0
0.316	0
0.317	0
0.318	0
0.319	0
0.32	0
0.321	0
0.322	0
0.323	0
0.324	0
0.325	0
0.326	0
0.327	0
0.328	0
0.329	0
0.33	0
0.331	0
0.332	0
0.333	0
0.334	0
0.335	0
0.336	0
0.337	0
0.338	0
0.339	0
0.34	0
0.341	0
0.342	0
0.343	0
0.344	0
0.345	0
0.346	0
0.347	0
0.348	0
0.349	0
0.35	0
0.351	0
0.352	0
0.353	0
0.354	0
0.355	0
0.356	0
0.357	0
0.358	0
0.359	0
0.36	0
0.361	0
0.362	0
0.363	0
0.364	0
0.365	0
0.366	0
0.367	0
0.368	0
0.369	0
0.37	0
0.371	0
0.372	0
0.373	0
0.374	0
0.375	0
0.376	0
0.377	0
0.378	0
0.379	0
0.38	0
0.381	0
0.382	0
0.383	0
0.384	0
0.385	0
0.386	0
0.387	0
0.388	0
0.389	0
0.39	0
0.391	0
0.392	0
0.393	0
0.394	0
0.395	0
0.396	0
0.397	0
0.398	0
0.399	0
0.4	0
0.401	0
0.402	0
0.403	0
0.404	0
0.405	0
0.406	0
0.407	0
0.408	0
0.409	0
0.41	0
0.411	0
0.412	0
0.413	0
0.414	0
0.415	0
0.416	0
0.417	0
0.418	0
0.419	0
0.42	0
0.421	0
0.422	0
0.423	0
0.424	0
0.425	0
0.426	0
0.427	0
0.428	0
0.429	0
0.43	0
0.431	0
0.432	0
0.433	0
0.434	0
0.435	0
0.436	0
0.437	0
0.438	0
0.439	0
0.44	0
0.441	0
0.442	0
0.443	0
0.444	0
0.445	0
0.446	0
0.447	0
0.448	0
0.449	0
0.45	0
0.451	0
0.452	0
0.453	0
0.454	0
0.455	0
0.456	0
0.457	0
0.458	0
0.459	0
0.46	0
0.461	0
0.462	0
0.463	0
0.464	0
0.465	0
0.466	0
0.467	0
0.468	0
0.469	0
0.47	0
0.471	0
0.472	0
0.473	0
0.474	0
0.475	0
0.476	0
0.477	0
0.478	0
0.479	0
0.48	0
0.481	0
0.482	0
0.483	0
0.484	0
0.485	0
0.486	0
0.487	0
0.488	0
0.489	0
0.49	0
0.491	0
0.492	0
0.493	0
0.494	0
0.495	0
0.496	0
0.497	0
0.498	0
0.499	0
0.5	0
0.501	0
0.502	0
0.503	0
0.504	0
0.505	0
0.506	0
0.507	0
0.508	0
0.509	0
0.51	0
0.511	0
0.512	0
0.513	0
0.514	0
0.515	0
0.516	0
0.517	0
0.518	0
0.519	0
0.52	0
0.521	0
0.522	0
0.523	0
0.524	0
0.525	0
0.526	0
0.527	0
0.528	0
0.529	0
0.53	0
0.531	0
0.532	0
0.533	0
0.534	0
0.535	0
0.536	0
0.537	0
0.538	0
0.539	0
0.54	0
0.541	0
0.542	0
0.543	0
0.544	0
0.545	0
0.546	0
0.547	0
0.548	0
0.549	0
0.55	0
0.551	0
0.552	0
0.553	0
0.554	0
0.555	0
0.556	0
0.557	0
0.558	0
0.559	0
0.56	0
0.561	0
0.562	0
0.563	0
0.564	0
0.565	0
0.566	0
0.567	0
0.568	0
0.569	0
0.57	0
0.571	0
0.572	0
0.573	0
0.574	0
0.575	0
0.576	0
0.577	0
0.578	0
0.579	0
0.58	0
0.581	0
0.582	0
0.583	0
0.584	0
0.585	0
0.586	0
0.587	0
0.588	0
0.589	0
0.59	0
0.591	0
0.592	0
0.593	0
0.594	0
0.595	0
0.596	0
0.597	0
0.598	0
0.599	0
0.6	0
0.601	0
0.602	0
0.603	0
0.604	0
0.605	0
0.606	0
0.607	0
0.608	0
0.609	0
0.61	0
0.611	0
0.612	0
0.613	0
0.614	0
0.615	0
0.616	0
0.617	0
0.618	0
0.619	0
0.62	0
0.621	0
0.622	0
0.623	0
0.624	0
0.625	0
0.626	0
0.627	0
0.628	0
0.629	0
0.63	0
0.631	0
0.632	0
0.633	0
0.634	0
0.635	0
0.636	0
0.637	0
0.638	0
0.639	0
0.64	0
0.641	0
0.642	0
0.643	0
0.644	0
0.645	0
0.646	0
0.647	0
0.648	0
0.649	0
0.65	0
0.651	0
0.652	0
0.653	0
0.654	0
0.655	0
0.656	0
0.657	0
0.658	0
0.659	0
0.66	0
0.661	0
0.662	0
0.663	0
0.664	0
0.665	0
0.666	0
0.667	0
0.668	0
0.669	0
0.67	0
0.671	0
0.672	0
0.673	0
0.674	0
0.675	0
0.676	0
0.677	0
0.678	0
0.679	0
0.68	0
0.681	0
0.682	0
0.683	0
0.684	0
0.685	0
0.686	0
0.687	0
0.688	0
0.689	0
0.69	0
0.691	0
0.692	0
0.693	0
0.694	0
0.695	0
0.696	0
0.697	0
0.698	0
0.699	0
0.7	0
0.701	0
0.702	0
0.703	0
0.704	0
0.705	0
0.706	0
0.707	0
0.708	0
0.709	0
0.71	0
0.711	0
0.712	0
0.713	0
0.714	0
0.715	0
0.716	0
0.717	0
0.718	0
0.719	0
0.72	0
0.721	0
0.722	0
0.723	0
0.724	0
0.725	0
0.726	0
0.727	0
0.728	0
0.729	0
0.73	0
0.731	0
0.732	0
0.733	0
0.734	0
0.735	0
0.736	0
0.737	0
0.738	0
0.739	0
0.74	0
0.741	0
0.742	0
0.743	0
0.744	0
0.745	0
0.746	0
0.747	0
0.748	0
0.749	0
0.75	0
0.751	0
0.752	0
0.753	0
0.754	0
0.755	0
0.756	0
0.757	0
0.758	0
0.759	0
0.76	0
0.761	0
0.762	0
0.763	0
0.764	0
0.765	0
0.766	0
0.767	0
0.768	0
0.769	0
0.77	0
0.771	0
0.772	0
0.773	0
0.774	0
0.775	0
0.776	0
0.777	0
0.778	0
0.779	0
0.78	0
0.781	0
0.782	0
0.783	0
0.784	0
0.785	0
0.786	0
0.787	0
0.788	0
0.789	0
0.79	0
0.791	0
0.792	0
0.793	0
0.794	0
0.795	0
0.796	0
0.797	8.51e-07
0.798	3.292e-06
0.799	5.686e-06
0.8	8.032e-06
0.801	1.033e-05
0.802	1.258e-05
0.803	1.479e-05
0.804	1.694e-05
0.805	1.905e-05
0.806	2.111e-05
0.807	2.313e-05
0.808	2.51e-05
0.809	2.702e-05
0.81	2.889e-05
0.811	3.071e-05
0.812	3.249e-05
0.813	3.422e-05
0.814	3.59e-05
0.815	3.754e-05
0.816	3.913e-05
0.817	4.067e-05
0.818	4.216e-05
0.819	4.361e-05
0.82	4.501e-05
0.821	4.636e-05
0.822	4.766e-05
0.823	4.892e-05
0.824	5.013e-05
0.825	5.129e-05
0.826	5.24e-05
0.827	5.347e-05
0.828	5.449e-05
0.829	5.546e-05
0.83	5.639e-05
0.831	5.726e-05
0.832	5.809e-05
0.833	5.888e-05
0.834	5.961e-05
0.835	6.03e-05
0.836	6.094e-05
0.837	6.153e-05
0.838	6.208e-05
0.839	6.258e-05
0.84	6.303e-05
0.841	6.343e-05
0.842	6.379e-05
0.843	6.41e-05
0.844	6.436e-05
0.845	6.457e-05
0.846	6.474e-05
0.847	6.486e-05
0.848	6.493e-05
0.849	6.495e-05
0.85	6.493e-05
0.851	6.486e-05
0.852	6.474e-05
0.853	6.458e-05
0.854	6.437e-05
0.855	6.411e-05
0.856	6.38e-05
0.857	6.344e-05
0.858	6.304e-05
0.859	6.259e-05
0.86	6.21e-05
0.861	6.155e-05
0.862	6.096e-05
0.863	6.032e-05
0.864	5.964e-05
0.865	5.89e-05
0.866	5.812e-05
0.867	5.729e-05
0.868	5.642e-05
0.869	5.549e-05
0.87	5.452e-05
0.871	5.35e-05
0.872	5.244e-05
0.873	5.133e-05
0.874	5.017e-05
0.875	4.896e-05
0.876	4.77e-05
0.877	4.64e-05
0.878	4.505e-05
0.879	4.365e-05
0.88	4.221e-05
0.881	4.072e-05
0.8816	0.0002572
0.8826	0.0002881
0.8836	0.0003192
0.8846	0.0003505
0.8856	0.000382
0.8866	0.0004137
0.8876	0.0004455
0.8886	0.0004775
0.8896	0.0005098
0.8906	0.0005422
0.8916	0.0005748
0.8926	0.0006076
0.8936	0.0006405
0.8946	0.0006737
0.8956	0.000707
0.8966	0.0007406
0.8976	0.0007743
0.8986	0.0008082
0.8996	0.0008423
0.9006	0.0008765
0.9016	0.000911
0.9026	0.0009457
0.9036	0.0009805
0.9046	0.001016
0.9056	0.001051
0.9059	0.001072
0.9069	0.001144
0.9079	0.001217
0.9089	0.00129
0.9099	0.001363
0.9109	0.001437
0.9119	0.001511
0.9129	0.001586
0.9139	0.001661
0.9149	0.001737
0.9159	0.001812
0.9169	0.001889
0.9179	0.001965
0.9189	0.002043
0.9199	0.00212
0.9209	0.002198
0.9219	0.002276
0.9225	0.002777
0.9235	0.002958
0.9245	0.003145
0.9255	0.003337
0.9265	0.003534
0.9275	0.003736
0.9285	0.003944
0.9295	0.004158
0.9305	0.004376
0.9315	0.0046
0.9325	0.00483
0.9335	0.005064
0.9345	0.005304
0.9355	0.00555
0.9364	0.006961
0.9374	0.007296
0.9384	0.007623
0.9394	0.007942
0.9404	0.008253
0.9414	0.008555
0.9424	0.008849
0.9434	0.009135
0.9444	0.009412
0.9454	0.009682
0.9464	0.009943
0.9474	0.0102
0.9481	0.01022
0.9491	0.01069
0.9501	0.01117
0.9511	0.01167
0.9521	0.01219
0.9531	0.01272
0.9541	0.01328
0.9551	0.01384
0.9561	0.01443
0.9571	0.01503
0.9581	0.01565
0.9589	0.01622
0.9599	0.0167
0.9609	0.01719
0.9619	0.01768
0.9629	0.01818
0.9639	0.01869
0.9649	0.01921
0.9659	0.01974
0.9669	0.02027
0.9679	0.02082
0.9689	0.02137
0.9689	0.02417
0.9699	0.025
0.9709	0.02585
0.9719	0.02672
0.9729	0.02762
0.9739	0.02854
0.9749	0.02948
0.9759	0.03045
0.9769	0.03144
0.9779	0.03246
0.9785	0.03452
0.9795	0.03569
0.9805	0.03688
0.9815	0.03811
0.9825	0.03936
0.9835	0.04064
0.9845	0.04195
0.9855	0.04328
0.9865	0.04465
0.9875	0.04603
0.9878	0.04397
0.9888	0.04567
0.9898	0.04742
0.9908	0.04924
0.9918	0.0511
0.9928	0.05303
0.9938	0.05501
0.9948	0.05705
0.9958	0.05914
0.9968	0.06129
0.9973	0.0608
0.9983	0.06274
0.9993	0.06473
1	0.06677
1.001	0.06886
1.002	0.071
1.003	0.07319
1.004	0.07543
1.005	0.07772
1.006	0.08007
1.007	0.07398
1.008	0.07656
1.009	0.07924
1.01	0.08201
1.011	0.08489
1.012	0.08786
1.013	0.09093
1.014	0.0941
1.015	0.09737
1.016	0.1007
1.017	0.1047
1.018	0.1076
1.019	0.1105
1.02	0.1135
1.021	0.1165
1.022	0.1196
1.023	0.1228
1.024	0.126
1.025	0.1293
1.026	0.1326
1.027	0.136
1.027	0.1359
1.028	0.1394
1.029	0.1429
1.03	0.1465
1.031	0.15
1.032	0.1537
1.033	0.1573
1.034	0.161
1.035	0.1647
1.036	0.1684
1.037	0.1721
1.037	0.1751
1.038	0.179
1.039	0.183
1.04	0.1871
1.041	0.1912
1.042	0.1954
1.043	0.1996
1.044	0.2039
1.045	0.2082
1.046	0.2127
1.047	0.2171
1.048	0.2217
1.049	0.2169
1.05	0.2215
1.051	0.2261
1.052	0.2308
1.053	0.2355
1.054	0.2404
1.055	0.2452
1.056	0.2502
1.057	0.2552
1.058	0.2603
1.059	0.2655
1.06	0.2708
1.061	0.2761
1.062	0.2815
1.062	0.2819
1.063	0.2867
1.064	0.2916
1.065	0.2965
1.066	0.3014
1.067	0.3064
1.068	0.3113
1.069	0.3164
1.07	0.3214
1.071	0.3265
1.072	0.3316
1.073	0.3368
1.074	0.3419
1.075	0.3471
1.076	0.3524
1.077	0.3577
1.078	0.3619
1.079	0.3671
1.08	0.3723
1.081	0.3775
1.082	0.3828
1.083	0.388
1.084	0.3932
1.085	0.3984
1.086	0.4037
1.087	0.4089
1.088	0.4141
1.089	0.4193
1.09	0.4246
1.091	0.4298
1.092	0.435
1.093	0.4403
1.094	0.4455
1.095	0.4507
1.096	0.4559
1.097	0.4612
1.098	0.4664
1.098	0.4631
1.099	0.4689
1.1	0.4747
1.101	0.4806
1.102	0.4863
1.103	0.4921
1.104	0.4978
1.105	0.5036
1.106	0.5092
1.107	0.5149
1.108	0.5206
1.109	0.5262
1.11	0.5318
1.111	0.5374
1.112	0.5429
1.113	0.5485
1.114	0.554
1.115	0.5595
1.116	0.5649
1.117	0.5704
1.118	0.5758
1.119	0.5812
1.12	0.5866
1.121	0.5919
1.122	0.5973
1.123	0.6026
1.124	0.6078
1.125	0.6131
1.126	0.6183
1.127	0.6236
1.128	0.6288
1.128	0.6393
1.129	0.6438
1.13	0.6483
1.131	0.6528
1.132	0.6572
1.133	0.6616
1.134	0.6659
1.135	0.6703
1.136	0.6746
1.137	0.6789
1.138	0.6831
1.139	0.6873
1.14	0.6915
1.141	0.6957
1.142	0.6998
1.143	0.7039
1.144	0.708
1.145	0.7121
1.146	0.7161
1.147	0.7201
1.148	0.724
1.149	0.728
1.15	0.7319
1.151	0.7358
1.152	0.7396
1.153	0.7434
1.154	0.7472
1.155	0.751
1.156	0.7547
1.157	0.7584
1.158	0.7621
1.159	0.7657
1.16	0.7694
1.161	0.773
1.162	0.7765
1.163	0.78
1.164	0.7835
1.165	0.787
1.166	0.7905
1.167	0.7939
1.168	0.7973
1.169	0.8006
1.17	0.804
1.171	0.8073
1.172	0.8105
1.173	0.8138
1.174	0.817
1.175	0.8202
1.176	0.8233
1.177	0.8264
1.178	0.8295
1.179	0.8326
1.18	0.8357
1.181	0.8387
1.182	0.8417
1.183	0.8446
1.184	0.8475
1.185	0.8504
1.186	0.8533
1.187	0.8561
1.188	0.8589
1.189	0.8617
1.19	0.8645
1.191	0.8672
1.192	0.8699
1.193	0.8726
1.194	0.8752
1.195	0.8778
1.196	0.8804
1.197	0.8829
1.198	0.8855
1.199	0.888
1.2	0.8904
1.201	0.8929
1.202	0.8953
1.203	0.8976
1.204	0.9
1.205	0.9023
1.206	0.9046
1.207	0.9069
1.208	0.9091
1.209	0.9113
1.21	0.9135
1.211	0.9156
1.212	0.9177
1.213	0.9198
1.214	0.9219
1.215	0.9239
1.216	0.9259
1.217	0.9279
1.218	0.9298
1.219	0.9318
1.22	0.9337
1.221	0.9355
1.222	0.9373
1.223	0.9391
1.224	0.9409
1.225	0.9427
1.226	0.9444
1.227	0.9461
1.228	0.9477
1.229	0.9493
1.23	0.9509
1.231	0.9525
1.232	0.9541
1.233	0.9556
1.234	0.9571
1.235	0.9585
1.236	0.9599
1.237	0.9613
1.238	0.9627
1.239	0.964
1.24	0.9654
1.241	0.9666
1.242	0.9679
1.243	0.9691
1.244	0.9703
1.245	0.9715
1.246	0.9726
1.247	0.9737
1.248	0.9748
1.249	0.9759
1.25	0.9769
1.251	0.9779
1.252	0.9788
1.253	0.9798
1.254	0.9807
1.255	0.9816
1.256	0.9824
1.257	0.9832
1.258	0.984
1.259	0.9848
1.26	0.9855
1.261	0.9862
1.262	0.9869
1.263	0.9876
1.264	0.9882
1.265	0.9888
1.266	0.9893
1.267	0.9899
1.268	0.9904
1.269	0.9908
1.27	0.9913
1.271	0.9917
1.272	0.9921
1.273	0.9924
1.274	0.9928
1.275	0.9931
1.276	0.9934
1.277	0.9936
1.278	0.9938
1.279	0.994
1.28	0.9942
1.281	0.9943
1.282	0.9944
1.283	0.9945
1.284	0.9945
1.285	0.9945
1.286	0.9945
1.287	0.9945
1.288	0.9944
1.289	0.9943
1.29	0.9941
1.291	0.994
1.292	0.9938
1.293	0.9936
1.294	0.9933
1.295	0.9931
1.296	0.9928
1.297	0.9924
1.298	0.9921
1.299	0.9917
1.3	0.9913
1.301	0.9908
1.302	0.9903
1.303	0.9898
1.304	0.9893
1.305	0.9887
1.306	0.9881
1.307	0.9875
1.308	0.9869
1.309	0.9862
1.31	0.9855
1.311	0.9848
1.312	0.984
1.313	0.9832
1.314	0.9824
1.315	0.9815
1.316	0.9806
1.317	0.9797
1.318	0.9788
1.319	0.9778
1.32	0.9768
1.321	0.9758
1.322	0.9748
1.323	0.9737
1.324	0.9726
1.325	0.9714
1.326	0.9703
1.327	0.9691
1.328	0.9678
1.329	0.9666
1.33	0.9653
1.331	0.964
1.332	0.9626
1.333	0.9613
1.334	0.9599
1.335	0.9584
1.336	0.957
1.337	0.9555
1.338	0.954
1.339	0.9524
1.34	0.9509
1.341	0.9493
1.342	0.9476
1.343	0.946
1.344	0.9443
1.345	0.9426
1.346	0.9408
1.347	0.9391
1.348	0.9373
1.349	0.9354
1.35	0.9336
1.351	0.9317
1.352	0.9298
1.353	0.9278
1.354	0.9258
1.355	0.9238
1.356	0.9218
1.357	0.9197
1.358	0.9176
1.359	0.9155
1.36	0.9134
1.361	0.9112
1.362	0.909
1.363	0.9068
1.364	0.9045
1.365	0.9022
1.366	0.8999
1.367	0.8975
1.368	0.8952
1.369	0.8927
1.37	0.8903
1.371	0.8878
1.372	0.8853
1.373	0.8828
1.374	0.8803
1.375	0.8777
1.376	0.8751
1.377	0.8724
1.378	0.8698
1.379	0.8671
1.38	0.8644
1.381	0.8616
1.382	0.8588
1.383	0.856
1.384	0.8532
1.385	0.8503
1.386	0.8474
1.387	0.8445
1.388	0.8415
1.389	0.8385
1.39	0.8355
1.391	0.8325
1.392	0.8294
1.393	0.8263
1.394	0.8232
1.395	0.82
1.396	0.8168
1.397	0.8136
1.398	0.8104
1.399	0.8071
1.4	0.8038
1.401	0.8005
1.402	0.7971
1.403	0.7937
1.404	0.7903
1.405	0.7869
1.406	0.7834
1.407	0.7799
1.408	0.7763
1.409	0.7728
1.41	0.7692
1.411	0.7656
1.412	0.7619
1.413	0.7583
1.414	0.7545
1.415	0.7508
1.416	0.747
1.417	0.7433
1.418	0.7394
1.419	0.7356
1.42	0.7317
1.421	0.7278
1.422	0.7239
1.423	0.7199
1.424	0.7159
1.425	0.7119
1.426	0.7078
1.427	0.7038
1.428	0.6996
1.429	0.6955
1.43	0.6913
1.431	0.6871
1.432	0.6829
1.433	0.6787
1.434	0.6744
1.435	0.6701
1.436	0.6657
1.437	0.6614
1.438	0.657
1.439	0.6525
1.44	0.6481
1.441	0.6436
1.442	0.6391
1.443	0.6346
1.444	0.63
1.445	0.6254
1.446	0.6208
1.447	0.6161
1.448	0.6114
1.449	0.6067
1.45	0.602
1.451	0.5972
1.452	0.5924
1.453	0.5876
1.454	0.5827
1.455	0.5778
1.456	0.5729
1.457	0.5679
1.458	0.563
1.459	0.558
1.46	0.5529
1.461	0.5479
1.462	0.5428
1.463	0.5377
1.464	0.5325
1.465	0.5273
1.466	0.5221
1.467	0.5169
1.468	0.5116
1.469	0.5064
1.47	0.501
1.471	0.4957
1.472	0.4903
1.473	0.4849
1.474	0.4795
1.475	0.474
1.476	0.4685
1.477	0.463
1.478	0.4574
1.479	0.4519
1.48	0.4463
1.481	0.4406
1.482	0.435
1.483	0.4293
1.484	0.4235
1.485	0.4178
1.486	0.412
1.487	0.4062
1.488	0.4004
1.489	0.3945
1.49	0.3886
1.491	0.3827
1.492	0.3767
1.493	0.3707
1.494	0.3647
1.495	0.3587
1.496	0.3526
1.497	0.3465
1.498	0.3404
1.499	0.3342
1.5	0.328
1.501	0.3218
1.502	0.3156
1.503	0.3093
1.504	0.303
1.505	0.2967
1.506	0.2903
1.507	0.2839
1.508	0.2775
1.509	0.2711
1.51	0.2646
1.511	0.2581
1.512	0.2516
1.513	0.245
1.514	0.2384
1.515	0.2318
1.516	0.2252
1.517	0.2185
1.518	0.2118
1.519	0.2051
1.52	0.1983
1.521	0.1915
1.522	0.1847
1.523	0.1778
1.524	0.171
1.525	0.1641
1.526	0.1571
1.527	0.1502
1.528	0.1432
1.529	0.1361
1.53	0.1291
1.531	0.122
1.532	0.1149
1.533	0.1078
1.534	0.1006
1.535	0.09341
1.536	0.08619
1.537	0.07894
1.538	0.07166
1.539	0.06435
1.54	0.05701
1.541	0.04964
1.542	0.04225
1.543	0.03482
1.544	0.02737
1.545	0.01989
1.546	0.01238
1.547	0.004838
1.548	0
1.549	0
1.55	0
1.551	0
1.552	0
1.553	0
1.554	0
1.555	0
1.556	0
1.557	0
1.558	0
1.559	0
1.56	0
1.561	0
1.562	0
1.563	0
1.564	0
1.565	0
1.566	0
1.567	0
1.568	0
1.569	0
1.57	0
1.571	0
1.572	0
1.573	0
1.574	0
1.575	0
1.576	0
1.577	0
1.578	0
1.579	0
1.58	0
1.581	0
1.582	0
1.583	0
1.584	0
1.585	0
1.586	0
1.587	0
1.588	0
1.589	0
1.59	0
1.591	0
1.592	0
1.593	0
1.594	0
1.595	0
1.596	0
1.597	0
1.598	0
1.599	0
1.6	0
1.601	0
1.602	0
1.603	0
1.604	0
1.605	0
1.606	0
1.607	0
1.608	0
1.609	0
1.61	0
1.611	0
1.612	0
1.613	0
1.614	0
1.615	0
1.616	0
1.617	0
1.618	0
1.619	0
1.62	0
1.621	0
1.622	0
1.623	0
1.624	0
1.625	0
1.626	0
1.627	0
1.628	0
1.629	0
1.63	0
1.631	0
1.632	0
1.633	0
1.634	0
1.635	0
1.636	0
1.637	0
1.638	0
1.639	0
1.64	0
1.641	0
1.642	0
1.643	0
1.644	0
1.645	0
1.646	0
1.647	0
1.648	0
1.649	0
1.65	0
1.651	0
1.652	0
1.653	0
1.654	0
1.655	0
1.656	0
1.657	0
1.658	0
1.659	0
1.66	0
1.661	0
1.662	0
1.663	0
1.664	0
1.665	0
1.666	0
1.667	0
1.668	0
1.669	0
1.67	0
1.671	0
1.672	0
1.673	0
1.674	0
1.675	0
1.676	0
1.677	0
1.678	0
1.679	0
1.68	0
1.681	0
1.682	0
1.683	0
1.684	0
1.685	0
1.686	0
1.687	0
1.688	0
1.689	0
1.69	0
1.691	0
1.692	0
1.693	0
1.694	0
1.695	0
1.696	0
1.697	0
1.698	0
1.699	0
1.7	0
1.701	0
1.702	0
1.703	0
1.704	0
1.705	0
1.706	0
1.707	0
1.708	0
1.709	0
1.71	0
1.711	0
1.712	0
1.713	0
1.714	0
1.715	0
1.716	0
1.717	0
1.718	0
1.719	0
1.72	0
1.721	0
1.722	0
1.723	0
1.724	0
1.725	0
1.726	0
1.727	0
1.728	0
1.729	0
1.73	0
1.731	0
1.732	0
1.733	0
1.734	0
1.735	0
1.736	0
1.737	0
1.738	0
1.739	0
1.74	0
1.741	0
1.742	0
1.743	0
1.744	0
1.745	0
1.746	0
1.747	0
1.748	0
1.749	0
1.75	0
1.751	0
1.752	0
1.753	0
1.754	0
1.755	0
1.756	0
1.757	0
1.758	0
1.759	0
1.76	0
1.761	0
1.762	0
1.763	0
1.764	0
1.765	0
1.766	0
1.767	0
1.768	0
1.769	0
1.77	0
1.771	0
1.772	0
1.773	0
1.774	0
1.775	0
1.776	0
1.777	0
1.778	0
1.779	0
1.78	0
1.781	0
1.782	0
1.783	0
1.784	0
1.785	0
1.786	0
1.787	0
1.788	0
1.789	0
1.79	0
1.791	0
1.792	0
1.793	0
1.794	0
1.795	0
1.796	0
1.797	0
1.798	0
1.799	0
1.8	0
1.801	0
1.802	0
1.803	0
1.804	0
1.805	0
1.806	0
1.807	0
1.808	0
1.809	0
1.81	0
1.811	0
1.812	0
1.813	0
1.814	0
1.815	0
1.816	0
1.817	0
1.818	0
1.819	0
1.82	0
1.821	0
1.822	0
1.823	0
1.824	0
1.825	0
1.826	0
1.827	0
1.828	0
1.829	0
1.83	0
1.831	0
1.832	0
1.833	0
1.834	0
1.835	0
1.836	0
1.837	0
1.838	0
1.839	0
1.84	0
1.841	0
1.842	0
1.843	0
1.844	0
1.845	0
1.846	0
1.847	0
1.848	0
1.849	0
1.85	0
1.851	0
1.852	0
1.853	0
1.854	0
1.855	0
1.856	0
1.857	0
1.858	0
1.859	0
1.86	0
1.861	0
1.862	0
1.863	0
1.864	0
1.865	0
1.866	0
1.867	0
1.868	0
1.869	0
1.87	0
1.871	0
1.872	0
1.873	0
1.874	0
1.875	0
1.876	0
1.877	0
1.878	0
1.879	0
1.88	0
1.881	0
1.882	0
1.883	0
1.884	0
1.885	0
1.886	0
1.887	0
1.888	0
1.889	0
1.89	0
1.891	0
1.892	0
1.893	0
1.894	0
1.895	0
1.896	0
1.897	0
1.898	0
1.899	0
1.9	0
1.901	0
1.902	0
1.903	0
1.904	0
1.905	0
1.906	0
1.907	0
1.908	0
1.909	0
1.91	0
1.911	0
1.912	0
1.913	0
1.914	0
1.915	0
1.916	0
1.917	0
1.918	0
1.919	0
1.92	0
1.921	0
1.922	0
1.923	0
1.924	0
1.925	0
1.926	0
1.927	0
1.928	0
1.929	0
1.93	0
1.931	0
1.932	0
1.933	0
1.934	0
1.935	0
1.936	0
1.937	0
1.938	0
1.939	0
1.94	0
1.941	0
1.942	0
1.943	0
1.944	0
1.945	0
1.946	0
1.947	0
1.948	0
1.949	0
1.95	0
1.951	0
1.952	0
1.953	0
1.954	0
1.955	0
1.956	0
1.957	0
1.958	0
1.959	0
1.96	0
1.961	0
1.962	0
1.963	0
1.964	0
1.965	0
1.966	0
1.967	0
1.968	0
1.969	0
1.97	0
1.971	0
1.972	0
1.973	0
1.974	0
1.975	0
1.976	0
1.977	0
1.978	0
1.979	0
1.98	0
1.981	0
1.982	0
1.983	0
1.984	0
1.985	0
1.986	0
1.987	0
1.988	0
1.989	0
1.99	0
1.991	0
1.992	0
1.993	0
1.994	0
1.995	0
1.996	0
1.997	0
1.998	0
1.999	0
