0	0.002299
0.001	0.002293
0.002	0.002288
0.003	0.002282
0.004	0.002276
0.005	0.002271
0.006	0.002265
0.007	0.002259
0.008	0.002254
0.009	0.002248
0.01	0.002243
0.011	0.002237
0.012	0.002231
0.013	0.002226
0.014	0.00222
0.015	0.002215
0.016	0.002209
0.017	0.002204
0.018	0.002198
0.019	0.002192
0.02	0.002187
0.021	0.002181
0.022	0.002176
0.023	0.00217
0.024	0.002165
0.025	0.002159
0.026	0.002154
0.027	0.002148
0.028	0.002143
0.029	0.002137
0.03	0.002132
0.031	0.002127
0.032	0.002121
0.033	0.002116
0.034	0.00211
0.035	0.002105
0.036	0.002099
0.037	0.002094
0.038	0.002089
0.039	0.002083
0.04	0.002078
0.041	0.002072
0.042	0.002067
0.043	0.002062
0.044	0.002056
0.045	0.002051
0.046	0.002046
0.047	0.00204
0.048	0.002035
0.049	0.00203
0.05	0.002024
0.051	0.002019
0.052	0.002014
0.053	0.002008
0.054	0.002003
0.055	0.001998
0.056	0.001992
0.057	0.001987
0.058	0.001982
0.059	0.001977
0.06	0.001971
0.061	0.001966
0.062	0.001961
0.063	0.001956
0.064	0.00195
0.065	0.001945
0.066	0.00194
0.067	0.001935
0.068	0.00193
0.069	0.001924
0.07	0.001919
0.071	0.001914
0.072	0.001909
0.073	0.001904
0.074	0.001899
0.075	0.001893
0.076	0.001888
0.077	0.001883
0.078	0.001878
0.079	0.001873
0.08	0.001868
0.081	0.001863
0.082	0.001858
0.083	0.001852
0.084	0.001847
0.085	0.001842
0.086	0.001837
0.087	0.001832
0.088	0.001827
0.089	0.001822
0.09	0.001817
0.091	0.001812
0.092	0.001807
0.093	0.001802
0.094	0.001797
0.095	0.001792
0.096	0.001787
0.097	0.001782
0.098	0.001777
0.099	0.001772
0.1	0.001767
0.101	0.001762
0.102	0.001757
0.103	0.001752
0.104	0.001747
0.105	0.001742
0.106	0.001737
0.107	0.001732
0.108	0.001727
0.109	0.001722
0.11	0.001718
0.111	0.001713
0.112	0.001708
0.113	0.001703
0.114	0.001698
0.115	0.001693
0.116	0.001688
0.117	0.001683
0.118	0.001679
0.119	0.001674
0.12	0.001669
0.121	0.001664
0.122	0.001659
0.123	0.001654
0.124	0.00165
0.125	0.001645
0.126	0.00164
0.127	0.001635
0.128	0.00163
0.129	0.001626
0.13	0.001621
0.131	0.001616
0.132	0.001611
0.133	0.001607
0.134	0.001602
0.135	0.001597
0.136	0.001592
0.137	0.001588
0.138	0.001583
0.139	0.001578
0.14	0.001574
0.141	0.001569
0.142	0.001564
0.143	0.00156
0.144	0.001555
0.145	0.00155
0.146	0.001546
0.147	0.001541
0.148	0.001536
0.149	0.001532
0.15	0.001527
0.151	0.001522
0.152	0.001518
0.153	0.001513
0.154	0.001509
0.155	0.001504
0.156	0.001499
0.157	0.001495
0.158	0.00149
0.159	0.001486
0.16	0.001481
0.161	0.001477
0.162	0.001472
0.163	0.001468
0.164	0.001463
0.165	0.001459
0.166	0.001454
0.167	0.00145
0.168	0.001445
0.169	0.001441
0.17	0.001436
0.171	0.001432
0.172	0.001427
0.173	0.001423
0.174	0.001418
0.175	0.001414
0.176	0.001409
0.177	0.001405
0.178	0.0014
0.179	0.001396
0.18	0.001392
0.181	0.001387
0.182	0.001383
0.183	0.001378
0.184	0.001374
0.185	0.00137
0.186	0.001365
0.187	0.001361
0.188	0.001356
0.189	0.001352
0.19	0.001348
0.191	0.001343
0.192	0.001339
0.193	0.001335
0.194	0.00133
0.195	0.001326
0.196	0.001322
0.197	0.001318
0.198	0.001313
0.199	0.001309
0.2	0.001305
0.201	0.0013
0.202	0.001296
0.203	0.001292
0.204	0.001288
0.205	0.001283
0.206	0.001279
0.207	0.001275
0.208	0.001271
0.209	0.001267
0.21	0.001262
0.211	0.001258
0.212	0.001254
0.213	0.00125
0.214	0.001246
0.215	0.001241
0.216	0.001237
0.217	0.001233
0.218	0.001229
0.219	0.001225
0.22	0.001221
0.221	0.001217
0.222	0.001212
0.223	0.001208
0.224	0.001204
0.225	0.0012
0.226	0.001196
0.227	0.001192
0.228	0.001188
0.229	0.001184
0.23	0.00118
0.231	0.001176
0.232	0.001172
0.233	0.001167
0.234	0.001163
0.235	0.001159
0.236	0.001155
0.237	0.001151
0.238	0.001147
0.239	0.001143
0.24	0.001139
0.241	0.001135
0.242	0.001131
0.243	0.001127
0.244	0.001123
0.245	0.001119
0.246	0.001116
0.247	0.001112
0.248	0.001108
0.249	0.001104
0.25	0.0011
0.251	0.001096
0.252	0.001092
0.253	0.001088
0.254	0.001084
0.255	0.00108
0.256	0.001076
0.257	0.001072
0.258	0.001069
0.259	0.001065
0.26	0.001061
0.261	0.001057
0.262	0.001053
0.263	0.001049
0.264	0.001046
0.265	0.001042
0.266	0.001038
0.267	0.001034
0.268	0.00103
0.269	0.001026
0.27	0.001023
0.271	0.001019
0.272	0.001015
0.273	0.001011
0.274	0.001008
0.275	0.001004
0.276	0.001
0.277	0.0009963
0.278	0.0009926
0.279	0.0009889
0.28	0.0009852
0.281	0.0009815
0.282	0.0009778
0.283	0.0009741
0.284	0.0009704
0.285	0.0009667
0.286	0.000963
0.287	0.0009593
0.288	0.0009557
0.289	0.000952
0.29	0.0009484
0.291	0.0009447
0.292	0.0009411
0.293	0.0009375
0.294	0.0009338
0.295	0.0009302
0.296	0.0009266
0.297	0.000923
0.298	0.0009194
0.299	0.0009158
0.3	0.0009123
0.301	0.0009087
0.302	0.0009051
0.303	0.0009016
0.304	0.000898
0.305	0.0008945
0.306	0.0008909
0.307	0.0008874
0.308	0.0008839
0.309	0.0008804
0.31	0.0008769
0.311	0.0008733
0.312	0.0008699
0.313	0.0008664
0.314	0.0008629
0.315	0.0008594
0.316	0.0008559
0.317	0.0008525
0.318	0.000849
0.319	0.0008456
0.32	0.0008421
0.321	0.0008387
0.322	0.0008353
0.323	0.0008319
0.324	0.0008284
0.325	0.000825
0.326	0.0008216
0.327	0.0008183
0.328	0.0008149
0.329	0.0008115
0.33	0.0008081
0.331	0.0008048
0.332	0.0008014
0.333	0.0007981
0.334	0.0007947
0.335	0.0007914
0.336	0.0007881
0.337	0.0007847
0.338	0.0007814
0.339	0.0007781
0.34	0.0007748
0.341	0.0007715
0.342	0.0007682
0.343	0.000765
0.344	0.0007617
0.345	0.0007584
0.346	0.0007552
0.347	0.0007519
0.348	0.0007487
0.349	0.0007454
0.35	0.0007422
0.351	0.000739
0.352	0.0007358
0.353	0.0007325
0.354	0.0007293
0.355	0.0007261
0.356	0.000723
0.357	0.0007198
0.358	0.0007166
0.359	0.0007134
0.36	0.0007103
0.361	0.0007071
0.362	0.000704
0.363	0.0007008
0.364	0.0006977
0.365	0.0006946
0.366	0.0006915
0.367	0.0006883
0.368	0.0006852
0.369	0.0006821
0.37	0.000679
0.371	0.000676
0.372	0.0006729
0.373	0.0006698
0.374	0.0006668
0.375	0.0006637
0.376	0.0006606
0.377	0.0006576
0.378	0.0006546
0.379	0.0006515
0.38	0.0006485
0.381	0.0006455
0.382	0.0006425
0.383	0.0006395
0.384	0.0006365
0.385	0.0006335
0.386	0.0006305
0.387	0.0006276
0.388	0.0006246
0.389	0.0006216
0.39	0.0006187
0.391	0.0006157
0.392	0.0006128
0.393	0.0006099
0.394	0.000607
0.395	0.000604
0.396	0.0006011
0.397	0.0005982
0.398	0.0005953
0.399	0.0005924
0.4	0.0005896
0.401	0.0005867
0.402	0.0005838
0.403	0.000581
0.404	0.0005781
0.405	0.0005753
0.406	0.0005724
0.407	0.0005696
0.408	0.0005668
0.409	0.0005639
0.41	0.0005611
0.411	0.0005583
0.412	0.0005555
0.413	0.0005527
0.414	0.0005499
0.415	0.0005472
0.416	0.0005444
0.417	0.0005416
0.418	0.0005389
0.419	0.0005361
0.42	0.0005334
0.421	0.0005307
0.422	0.0005279
0.423	0.0005252
0.424	0.0005225
0.425	0.0005198
0.426	0.0005171
0.427	0.0005144
0.428	0.0005117
0.429	0.000509
0.43	0.0005064
0.431	0.0005037
0.432	0.000501
0.433	0.0004984
0.434	0.0004957
0.435	0.0004931
0.436	0.0004905
0.437	0.0004878
0.438	0.0004852
0.439	0.0004826
0.44	0.00048
0.441	0.0004774
0.442	0.0004748
0.443	0.0004722
0.444	0.0004697
0.445	0.0004671
0.446	0.0004645
0.447	0.000462
0.448	0.0004594
0.449	0.0004569
0.45	0.0004544
0.451	0.0004518
0.452	0.0004493
0.453	0.0004468
0.454	0.0004443
0.455	0.0004418
0.456	0.0004393
0.457	0.0004368
0.458	0.0004344
0.459	0.0004319
0.46	0.0004294
0.461	0.000427
0.462	0.0004245
0.463	0.0004221
0.464	0.0004196
0.465	0.0004172
0.466	0.0004148
0.467	0.0004124
0.468	0.00041
0.469	0.0004076
0.47	0.0004052
0.471	0.0004028
0.472	0.0004004
0.473	0.000398
0.474	0.0003957
0.475	0.0003933
0.476	0.000391
0.477	0.0003886
0.478	0.0003863
0.479	0.0003839
0.48	0.0003816
0.481	0.0003793
0.482	0.000377
0.483	0.0003747
0.484	0.0003724
0.485	0.0003701
0.486	0.0003678
0.487	0.0003656
0.488	0.0003633
0.489	0.000361
0.49	0.0003588
0.491	0.0003565
0.492	0.0003543
0.493	0.0003521
0.494	0.0003498
0.495	0.0003476
0.496	0.0003454
0.497	0.0003432
0.498	0.000341
0.499	0.0003388
0.5	0.0003366
0.501	0.0003344
0.502	0.0003323
0.503	0.0003301
0.504	0.000328
0.505	0.0003258
0.506	0.0003237
0.507	0.0003215
0.508	0.0003194
0.509	0.0003173
0.51	0.0003152
0.511	0.0003131
0.512	0.000311
0.513	0.0003089
0.514	0.0003068
0.515	0.0003047
0.516	0.0003026
0.517	0.0003006
0.518	0.0002985
0.519	0.0002964
0.52	0.0002944
0.521	0.0002924
0.522	0.0002903
0.523	0.0002883
0.524	0.0002863
0.525	0.0002843
0.526	0.0002823
0.527	0.0002803
0.528	0.0002783
0.529	0.0002763
0.53	0.0002743
0.531	0.0002724
0.532	0.0002704
0.533	0.0002685
0.534	0.0002665
0.535	0.0002646
0.536	0.0002626
0.537	0.0002607
0.538	0.0002588
0.539	0.0002569
0.54	0.000255
0.541	0.0002531
0.542	0.0002512
0.543	0.0002493
0.544	0.0002474
0.545	0.0002456
0.546	0.0002437
0.547	0.0002418
0.548	0.00024
0.549	0.0002381
0.55	0.0002363
0.551	0.0002345
0.552	0.0002327
0.553	0.0002308
0.554	0.000229
0.555	0.0002272
0.556	0.0002254
0.557	0.0002237
0.558	0.0002219
0.559	0.0002201
0.56	0.0002183
0.561	0.0002166
0.562	0.0002148
0.563	0.0002131
0.564	0.0002113
0.565	0.0002096
0.566	0.0002079
0.567	0.0002062
0.568	0.0002045
0.569	0.0002028
0.57	0.0002011
0.571	0.0001994
0.572	0.0001977
0.573	0.000196
0.574	0.0001943
0.575	0.0001927
0.576	0.000191
0.577	0.0001894
0.578	0.0001877
0.579	0.0001861
0.58	0.0001845
0.581	0.0001829
0.582	0.0001813
0.583	0.0001797
0.584	0.0001781
0.585	0.0001765
0.586	0.0001749
0.587	0.0001733
0.588	0.0001717
0.589	0.0001702
0.59	0.0001686
0.591	0.0001671
0.592	0.0001655
0.593	0.000164
0.594	0.0001625
0.595	0.0001609
0.596	0.0001594
0.597	0.0001579
0.598	0.0001564
0.599	0.0001549
0.6	0.0001534
0.601	0.000152
0.602	0.0001505
0.603	0.000149
0.604	0.0001476
0.605	0.0001461
0.606	0.0001447
0.607	0.0001432
0.608	0.0001418
0.609	0.0001404
0.61	0.0001389
0.611	0.0001375
0.612	0.0001361
0.613	0.0001347
0.614	0.0001334
0.615	0.000132
0.616	0.0001306
0.617	0.0001292
0.618	0.0001279
0.619	0.0001265
0.62	0.0001252
0.621	0.0001238
0.622	0.0001225
0.623	0.0001212
0.624	0.0001198
0.625	0.0001185
0.626	0.0001172
0.627	0.0001159
0.628	0.0001146
0.629	0.0001134
0.63	0.0001121
0.631	0.0001108
0.632	0.0001095
0.633	0.0001083
0.634	0.000107
0.635	0.0001058
0.636	0.0001046
0.637	0.0001033
0.638	0.0001021
0.639	0.0001009
0.64	9.969e-05
0.641	9.849e-05
0.642	9.729e-05
0.643	9.611e-05
0.644	9.493e-05
0.645	9.376e-05
0.646	9.259e-05
0.647	9.143e-05
0.648	9.028e-05
0.649	8.913e-05
0.65	8.8e-05
0.651	8.687e-05
0.652	8.574e-05
0.653	8.463e-05
0.654	8.352e-05
0.655	8.241e-05
0.656	8.132e-05
0.657	8.023e-05
0.658	7.915e-05
0.659	7.807e-05
0.66	7.7e-05
0.661	7.594e-05
0.662	7.489e-05
0.663	7.384e-05
0.664	7.28e-05
0.665	7.177e-05
0.666	7.074e-05
0.667	6.972e-05
0.668	6.871e-05
0.669	6.77e-05
0.67	6.671e-05
0.671	6.571e-05
0.672	6.473e-05
0.673	6.375e-05
0.674	6.278e-05
0.675	6.182e-05
0.676	6.086e-05
0.677	5.991e-05
0.678	5.897e-05
0.679	5.803e-05
0.68	5.711e-05
0.681	5.618e-05
0.682	5.527e-05
0.683	5.436e-05
0.684	5.346e-05
0.685	5.257e-05
0.686	5.168e-05
0.687	5.08e-05
0.688	4.993e-05
0.689	4.906e-05
0.69	4.82e-05
0.691	4.735e-05
0.692	4.651e-05
0.693	4.567e-05
0.694	4.484e-05
0.695	4.402e-05
0.696	4.32e-05
0.697	4.239e-05
0.698	4.159e-05
0.699	4.079e-05
0.7	4e-05
0.701	3.922e-05
0.702	3.844e-05
0.703	3.768e-05
0.704	3.691e-05
0.705	3.616e-05
0.706	3.541e-05
0.707	3.467e-05
0.708	3.394e-05
0.709	3.321e-05
0.71	3.249e-05
0.711	3.178e-05
0.712	3.108e-05
0.713	3.038e-05
0.714	2.969e-05
0.715	2.9e-05
0.716	2.833e-05
0.717	2.765e-05
0.718	2.699e-05
0.719	2.633e-05
0.72	2.569e-05
0.721	2.504e-05
0.722	2.441e-05
0.723	2.378e-05
0.724	2.316e-05
0.725	2.254e-05
0.726	2.193e-05
0.727	2.133e-05
0.728	2.074e-05
0.729	2.015e-05
0.73	1.957e-05
0.731	1.9e-05
0.732	1.844e-05
0.733	1.788e-05
0.734	1.732e-05
0.735	1.678e-05
0.736	1.624e-05
0.737	1.571e-05
0.738	1.519e-05
0.739	1.467e-05
0.74	1.416e-05
0.741	1.366e-05
0.742	1.316e-05
0.743	1.267e-05
0.744	1.219e-05
0.745	1.171e-05
0.746	1.125e-05
0.747	1.079e-05
0.748	1.033e-05
0.749	9.884e-06
0.75	9.444e-06
0.751	9.01e-06
0.752	8.584e-06
0.753	8.165e-06
0.754	7.752e-06
0.755	7.347e-06
0.756	6.949e-06
0.757	6.557e-06
0.758	6.173e-06
0.759	5.795e-06
0.76	5.425e-06
0.761	5.061e-06
0.762	4.705e-06
0.763	4.355e-06
0.764	4.013e-06
0.765	3.677e-06
0.766	3.348e-06
0.767	3.027e-06
0.768	2.712e-06
0.769	2.404e-06
0.77	2.104e-06
0.771	1.81e-06
0.772	1.523e-06
0.773	1.243e-06
0.774	9.706e-07
0.775	7.047e-07
0.776	4.459e-07
0.777	1.94e-07
0.778	-5.096e-08
0.779	-2.889e-07
0.78	-5.199e-07
0.781	-7.439e-07
0.782	-9.609e-07
0.783	-1.171e-06
0.784	-1.374e-06
0.785	-1.57e-06
0.786	-1.759e-06
0.787	-1.941e-06
0.788	-2.117e-06
0.789	-2.285e-06
0.79	-2.446e-06
0.791	-2.6e-06
0.792	-2.747e-06
0.793	-2.888e-06
0.794	-3.021e-06
0.795	-3.147e-06
0.796	-3.267e-06
0.797	-3.379e-06
0.798	-3.485e-06
0.799	-3.583e-06
0.8	-3.674e-06
0.801	-3.759e-06
0.802	-3.836e-06
0.803	-3.907e-06
0.804	-3.97e-06
0.805	-4.027e-06
0.806	-4.077e-06
0.807	-4.119e-06
0.808	-4.155e-06
0.809	-4.184e-06
0.81	-4.205e-06
0.811	-4.22e-06
0.812	-4.228e-06
0.813	-4.229e-06
0.814	-4.222e-06
0.815	-4.209e-06
0.816	-4.189e-06
0.817	-4.162e-06
0.818	-4.128e-06
0.819	-4.087e-06
0.82	-4.039e-06
0.821	-3.984e-06
0.822	-3.922e-06
0.823	-3.853e-06
0.824	-3.777e-06
0.825	-3.694e-06
0.826	-3.604e-06
0.827	-3.507e-06
0.828	-3.403e-06
0.829	-3.292e-06
0.83	-3.175e-06
0.831	-3.05e-06
0.832	-2.918e-06
0.833	-2.779e-06
0.834	-2.634e-06
0.835	-2.481e-06
0.836	-2.321e-06
0.837	-2.155e-06
0.838	-1.981e-06
0.839	-1.8e-06
0.84	-1.613e-06
0.841	-1.418e-06
0.842	-1.217e-06
0.843	-1.008e-06
0.844	-7.928e-07
0.845	-5.703e-07
0.846	-3.409e-07
0.847	-1.045e-07
0.848	1.388e-07
0.849	3.892e-07
0.85	6.465e-07
0.851	9.108e-07
0.852	1.182e-06
0.853	1.46e-06
0.854	1.746e-06
0.855	2.038e-06
0.856	2.337e-06
0.857	2.643e-06
0.858	2.956e-06
0.859	3.276e-06
0.86	3.603e-06
0.861	3.937e-06
0.862	4.278e-06
0.863	4.626e-06
0.864	4.981e-06
0.865	5.343e-06
0.866	5.712e-06
0.867	6.088e-06
0.868	6.471e-06
0.869	6.861e-06
0.87	7.258e-06
0.871	7.662e-06
0.872	8.072e-06
0.873	8.49e-06
0.874	8.915e-06
0.875	9.347e-06
0.876	9.785e-06
0.8767	-1.168e-05
0.8777	-1.23e-05
0.8787	-1.278e-05
0.8797	-1.311e-05
0.8807	-1.329e-05
0.8817	-1.332e-05
0.8827	-1.32e-05
0.8837	-1.294e-05
0.8847	-1.252e-05
0.8857	-1.196e-05
0.8867	-1.124e-05
0.8877	-1.038e-05
0.8887	-9.372e-06
0.8897	-8.213e-06
0.8907	-6.906e-06
0.8917	-5.449e-06
0.8927	-3.844e-06
0.8937	-2.09e-06
0.8947	-1.869e-07
0.8957	1.865e-06
0.8967	4.065e-06
0.8977	6.414e-06
0.8987	8.912e-06
0.8997	1.156e-05
0.9007	1.435e-05
0.9017	1.73e-05
0.9027	2.039e-05
0.9037	2.363e-05
0.9044	-1.119e-05
0.9054	-8.651e-06
0.9064	-5.652e-06
0.9074	-2.191e-06
0.9084	1.73e-06
0.9094	6.111e-06
0.9104	1.095e-05
0.9114	1.626e-05
0.9124	2.202e-05
0.9134	2.824e-05
0.9144	3.493e-05
0.9154	4.208e-05
0.9164	4.968e-05
0.9174	5.775e-05
0.9184	6.628e-05
0.9194	7.527e-05
0.9204	8.472e-05
0.9214	9.462e-05
0.9224	0.000105
0.9234	0.0001158
0.9234	5.46e-05
0.9244	6.171e-05
0.9254	6.935e-05
0.9264	7.752e-05
0.9274	8.623e-05
0.9284	9.546e-05
0.9294	0.0001052
0.9304	0.0001155
0.9314	0.0001263
0.9324	0.0001377
0.9334	0.0001496
0.9344	0.000162
0.9354	0.0001749
0.9364	0.0001884
0.9374	0.0002024
0.9384	0.000217
0.9389	0.000217
0.9399	0.0002358
0.9409	0.0002558
0.9419	0.000277
0.9429	0.0002994
0.9439	0.0003229
0.9449	0.0003477
0.9459	0.0003736
0.9469	0.0004007
0.9479	0.000429
0.9489	0.0004584
0.9499	0.000489
0.9509	0.0005209
0.9519	0.0005539
0.9525	0.000505
0.9535	0.0005434
0.9545	0.000584
0.9555	0.0006268
0.9565	0.0006717
0.9575	0.0007187
0.9585	0.0007679
0.9595	0.0008192
0.9605	0.0008727
0.9615	0.0009283
0.9625	0.000986
0.9635	0.001046
0.9645	0.001108
0.9647	0.0009922
0.9657	0.001053
0.9667	0.001116
0.9677	0.001181
0.9687	0.001248
0.9697	0.001318
0.9707	0.001391
0.9717	0.001465
0.9727	0.001542
0.9737	0.001622
0.9747	0.001703
0.9757	0.001787
0.9762	0.001667
0.9772	0.001772
0.9782	0.001881
0.9792	0.001996
0.9802	0.002115
0.9812	0.002239
0.9822	0.002368
0.9832	0.002502
0.9842	0.002642
0.9852	0.002786
0.9862	0.002934
0.9872	0.003088
0.9872	0.00281
0.9882	0.002949
0.9892	0.003092
0.9902	0.003241
0.9912	0.003394
0.9922	0.003551
0.9932	0.003714
0.9942	0.003881
0.9952	0.004053
0.9962	0.00423
0.9972	0.004412
0.998	0.004521
0.999	0.004704
1	0.004892
1.001	0.005085
1.002	0.005282
1.003	0.005484
1.004	0.00569
1.005	0.0059
1.006	0.006115
1.007	0.006334
1.008	0.006558
1.009	0.006692
1.01	0.006948
1.011	0.007211
1.012	0.007481
1.013	0.007758
1.014	0.008043
1.015	0.008335
1.016	0.008635
1.017	0.008941
1.018	0.009255
1.019	0.009576
1.02	0.009469
1.021	0.009796
1.022	0.01013
1.023	0.01048
1.024	0.01083
1.025	0.01119
1.026	0.01156
1.027	0.01194
1.028	0.01232
1.029	0.01272
1.03	0.01312
1.031	0.01353
1.031	0.01374
1.032	0.01415
1.033	0.01456
1.034	0.01498
1.035	0.0154
1.036	0.01583
1.037	0.01627
1.038	0.01672
1.039	0.01717
1.04	0.01763
1.041	0.0181
1.042	0.01858
1.043	0.01883
1.044	0.01933
1.045	0.01982
1.046	0.02033
1.047	0.02085
1.048	0.02137
1.049	0.0219
1.05	0.02243
1.051	0.02298
1.052	0.02353
1.053	0.02409
1.054	0.02466
1.055	0.02524
1.055	0.02565
1.056	0.02622
1.057	0.02681
1.058	0.0274
1.059	0.028
1.06	0.02861
1.061	0.02922
1.062	0.02984
1.063	0.03047
1.064	0.0311
1.065	0.03175
1.066	0.0324
1.067	0.03306
1.068	0.03372
1.069	0.03519
1.07	0.03585
1.071	0.03651
1.072	0.03718
1.073	0.03786
1.074	0.03854
1.075	0.03922
1.076	0.03991
1.077	0.04061
1.078	0.04131
1.079	0.04202
1.08	0.04273
1.081	0.04344
1.082	0.04417
1.083	0.04489
1.084	0.04563
1.084	0.04531
1.085	0.04608
1.086	0.04685
1.087	0.04763
1.088	0.04841
1.089	0.0492
1.09	0.04999
1.091	0.05079
1.092	0.05159
1.093	0.0524
1.094	0.05321
1.095	0.05403
1.096	0.05486
1.097	0.05569
1.098	0.05652
1.099	0.05736
1.1	0.05821
1.101	0.05906
1.102	0.05991
1.102	0.06041
1.103	0.06128
1.104	0.06215
1.105	0.06303
1.106	0.06391
1.107	0.0648
1.108	0.0657
1.109	0.06659
1.11	0.0675
1.111	0.06841
1.112	0.06932
1.113	0.07024
1.114	0.07116
1.115	0.07208
1.116	0.07302
1.117	0.07395
1.118	0.07489
1.119	0.07584
1.12	0.07679
1.121	0.07774
1.122	0.0787
1.123	0.07967
1.124	0.08064
1.125	0.08161
1.125	0.08132
1.126	0.08224
1.127	0.08317
1.128	0.08411
1.129	0.08505
1.13	0.08599
1.131	0.08693
1.132	0.08788
1.133	0.08883
1.134	0.08978
1.135	0.09074
1.136	0.0917
1.137	0.09266
1.138	0.09363
1.139	0.0946
1.14	0.09557
1.141	0.09655
1.142	0.09753
1.143	0.09851
1.144	0.0995
1.145	0.1005
1.146	0.1015
1.147	0.1025
1.148	0.1035
1.149	0.1045
1.15	0.1055
1.151	0.1065
1.152	0.1075
1.153	0.1085
1.154	0.1095
1.155	0.1106
1.156	0.1116
1.157	0.1126
1.158	0.1137
1.159	0.1147
1.16	0.1157
1.161	0.1155
1.162	0.1165
1.163	0.1175
1.164	0.1186
1.165	0.1196
1.166	0.1206
1.167	0.1216
1.168	0.1226
1.169	0.1236
1.17	0.1246
1.171	0.1256
1.172	0.1266
1.173	0.1276
1.174	0.1286
1.175	0.1296
1.176	0.1306
1.177	0.1316
1.178	0.1326
1.179	0.1336
1.18	0.1346
1.181	0.1357
1.182	0.1367
1.183	0.1377
1.184	0.1387
1.185	0.1397
1.186	0.1407
1.187	0.1417
1.188	0.1427
1.189	0.1437
1.19	0.1447
1.191	0.1457
1.192	0.1467
1.193	0.1478
1.194	0.1488
1.195	0.1498
1.196	0.1508
1.197	0.1518
1.198	0.1528
1.199	0.1538
1.2	0.1548
1.201	0.1558
1.202	0.1568
1.203	0.1579
1.204	0.1589
1.205	0.1599
1.206	0.1609
1.207	0.1619
1.208	0.1629
1.209	0.1639
1.21	0.1649
1.211	0.166
1.212	0.167
1.213	0.168
1.214	0.169
1.215	0.17
1.216	0.171
1.217	0.172
1.218	0.1731
1.219	0.1741
1.22	0.1751
1.221	0.1761
1.222	0.1771
1.223	0.1781
1.224	0.1791
1.225	0.1802
1.226	0.1812
1.227	0.1822
1.228	0.1832
1.229	0.1842
1.23	0.1852
1.231	0.1863
1.232	0.1873
1.233	0.1883
1.234	0.1893
1.235	0.1903
1.236	0.1913
1.237	0.1924
1.238	0.1934
1.239	0.1944
1.24	0.1954
1.241	0.1964
1.242	0.1974
1.243	0.1985
1.244	0.1995
1.245	0.2005
1.246	0.2015
1.247	0.2025
1.248	0.2036
1.249	0.2046
1.25	0.2056
1.251	0.2066
1.252	0.2076
1.253	0.2087
1.254	0.2097
1.255	0.2107
1.256	0.2117
1.257	0.2127
1.258	0.2138
1.259	0.2148
1.26	0.2158
1.261	0.2168
1.262	0.2179
1.263	0.2189
1.264	0.2199
1.265	0.2209
1.266	0.2219
1.267	0.223
1.268	0.224
1.269	0.225
1.27	0.226
1.271	0.2271
1.272	0.2281
1.273	0.2291
1.274	0.2301
1.275	0.2312
1.276	0.2322
1.277	0.2332
1.278	0.2342
1.279	0.2353
1.28	0.2363
1.281	0.2373
1.282	0.2383
1.283	0.2394
1.284	0.2404
1.285	0.2414
1.286	0.2424
1.287	0.2435
1.288	0.2445
1.289	0.2455
1.29	0.2466
1.291	0.2476
1.292	0.2486
1.293	0.2496
1.294	0.2507
1.295	0.2517
1.296	0.2527
1.297	0.2538
1.298	0.2548
1.299	0.2558
1.3	0.2568
1.301	0.2579
1.302	0.2589
1.303	0.2599
1.304	0.261
1.305	0.262
1.306	0.263
1.307	0.2641
1.308	0.2651
1.309	0.2661
1.31	0.2671
1.311	0.2682
1.312	0.2692
1.313	0.2702
1.314	0.2713
1.315	0.2723
1.316	0.2733
1.317	0.2744
1.318	0.2754
1.319	0.2764
1.32	0.2775
1.321	0.2785
1.322	0.2795
1.323	0.2806
1.324	0.2816
1.325	0.2826
1.326	0.2837
1.327	0.2847
1.328	0.2857
1.329	0.2868
1.33	0.2878
1.331	0.2888
1.332	0.2899
1.333	0.2909
1.334	0.2919
1.335	0.293
1.336	0.294
1.337	0.2951
1.338	0.2961
1.339	0.2971
1.34	0.2982
1.341	0.2992
1.342	0.3002
1.343	0.3013
1.344	0.3023
1.345	0.3034
1.346	0.3044
1.347	0.3054
1.348	0.3065
1.349	0.3075
1.35	0.3085
1.351	0.3096
1.352	0.3106
1.353	0.3117
1.354	0.3127
1.355	0.3137
1.356	0.3148
1.357	0.3158
1.358	0.3169
1.359	0.3179
1.36	0.3189
1.361	0.32
1.362	0.321
1.363	0.3221
1.364	0.3231
1.365	0.3241
1.366	0.3252
1.367	0.3262
1.368	0.3273
1.369	0.3283
1.37	0.3294
1.371	0.3304
1.372	0.3314
1.373	0.3325
1.374	0.3335
1.375	0.3346
1.376	0.3356
1.377	0.3367
1.378	0.3377
1.379	0.3387
1.38	0.3398
1.381	0.3408
1.382	0.3419
1.383	0.3429
1.384	0.344
1.385	0.345
1.386	0.3461
1.387	0.3471
1.388	0.3481
1.389	0.3492
1.39	0.3502
1.391	0.3513
1.392	0.3523
1.393	0.3534
1.394	0.3544
1.395	0.3555
1.396	0.3565
1.397	0.3576
1.398	0.3586
1.399	0.3597
1.4	0.3607
1.401	0.3618
1.402	0.3628
1.403	0.3639
1.404	0.3649
1.405	0.3659
1.406	0.367
1.407	0.368
1.408	0.3691
1.409	0.3701
1.41	0.3712
1.411	0.3722
1.412	0.3733
1.413	0.3743
1.414	0.3754
1.415	0.3764
1.416	0.3775
1.417	0.3785
1.418	0.3796
1.419	0.3807
1.42	0.3817
1.421	0.3828
1.422	0.3838
1.423	0.3849
1.424	0.3859
1.425	0.387
1.426	0.388
1.427	0.3891
1.428	0.3901
1.429	0.3912
1.43	0.3922
1.431	0.3933
1.432	0.3943
1.433	0.3954
1.434	0.3964
1.435	0.3975
1.436	0.3986
1.437	0.3996
1.438	0.4007
1.439	0.4017
1.44	0.4028
1.441	0.4038
1.442	0.4049
1.443	0.4059
1.444	0.407
1.445	0.4081
1.446	0.4091
1.447	0.4102
1.448	0.4112
1.449	0.4123
1.45	0.4133
1.451	0.4144
1.452	0.4154
1.453	0.4165
1.454	0.4176
1.455	0.4186
1.456	0.4197
1.457	0.4207
1.458	0.4218
1.459	0.4229
1.46	0.4239
1.461	0.425
1.462	0.426
1.463	0.4271
1.464	0.4282
1.465	0.4292
1.466	0.4303
1.467	0.4313
1.468	0.4324
1.469	0.4335
1.47	0.4345
1.471	0.4356
1.472	0.4366
1.473	0.4377
1.474	0.4388
1.475	0.4398
1.476	0.4409
1.477	0.4419
1.478	0.443
1.479	0.4441
1.48	0.4451
1.481	0.4462
1.482	0.4473
1.483	0.4483
1.484	0.4494
1.485	0.4504
1.486	0.4515
1.487	0.4526
1.488	0.4536
1.489	0.4547
1.49	0.4558
1.491	0.4568
1.492	0.4579
1.493	0.459
1.494	0.46
1.495	0.4611
1.496	0.4622
1.497	0.4632
1.498	0.4643
1.499	0.4654
1.5	0.4664
1.501	0.4675
1.502	0.4686
1.503	0.4696
1.504	0.4707
1.505	0.4718
1.506	0.4728
1.507	0.4739
1.508	0.475
1.509	0.476
1.51	0.4771
1.511	0.4782
1.512	0.4792
1.513	0.4803
1.514	0.4814
1.515	0.4824
1.516	0.4835
1.517	0.4846
1.518	0.4856
1.519	0.4867
1.52	0.4878
1.521	0.4889
1.522	0.4899
1.523	0.491
1.524	0.4921
1.525	0.4931
1.526	0.4942
1.527	0.4953
1.528	0.4964
1.529	0.4974
1.53	0.4985
1.531	0.4996
1.532	0.5006
1.533	0.5017
1.534	0.5028
1.535	0.5039
1.536	0.5049
1.537	0.506
1.538	0.5071
1.539	0.5082
1.54	0.5092
1.541	0.5103
1.542	0.5114
1.543	0.5125
1.544	0.5135
1.545	0.5146
1.546	0.5157
1.547	0.5168
1.548	0.5178
1.549	0.5189
1.55	0.52
1.551	0.5211
1.552	0.5221
1.553	0.5232
1.554	0.5243
1.555	0.5254
1.556	0.5264
1.557	0.5275
1.558	0.5286
1.559	0.5297
1.56	0.5307
1.561	0.5318
1.562	0.5329
1.563	0.534
1.564	0.5351
1.565	0.5361
1.566	0.5372
1.567	0.5383
1.568	0.5394
1.569	0.5404
1.57	0.5415
1.571	0.5426
1.572	0.5437
1.573	0.5448
1.574	0.5458
1.575	0.5469
1.576	0.548
1.577	0.5491
1.578	0.5502
1.579	0.5512
1.58	0.5523
1.581	0.5534
1.582	0.5545
1.583	0.5556
1.584	0.5567
1.585	0.5577
1.586	0.5588
1.587	0.5599
1.588	0.561
1.589	0.5621
1.59	0.5632
1.591	0.5642
1.592	0.5653
1.593	0.5664
1.594	0.5675
1.595	0.5686
1.596	0.5697
1.597	0.5707
1.598	0.5718
1.599	0.5729
1.6	0.574
1.601	0.5751
1.602	0.5762
1.603	0.5772
1.604	0.5783
1.605	0.5794
1.606	0.5805
1.607	0.5816
1.608	0.5827
1.609	0.5838
1.61	0.5849
1.611	0.5859
1.612	0.587
1.613	0.5881
1.614	0.5892
1.615	0.5903
1.616	0.5914
1.617	0.5925
1.618	0.5936
1.619	0.5946
1.62	0.5957
1.621	0.5968
1.622	0.5979
1.623	0.599
1.624	0.6001
1.625	0.6012
1.626	0.6023
1.627	0.6034
1.628	0.6044
1.629	0.6055
1.63	0.6066
1.631	0.6077
1.632	0.6088
1.633	0.6099
1.634	0.611
1.635	0.6121
1.636	0.6132
1.637	0.6143
1.638	0.6154
1.639	0.6164
1.64	0.6175
1.641	0.6186
1.642	0.6197
1.643	0.6208
1.644	0.6219
1.645	0.623
1.646	0.6241
1.647	0.6252
1.648	0.6263
1.649	0.6274
1.65	0.6285
1.651	0.6296
1.652	0.6307
1.653	0.6318
1.654	0.6328
1.655	0.6339
1.656	0.635
1.657	0.6361
1.658	0.6372
1.659	0.6383
1.66	0.6394
1.661	0.6405
1.662	0.6416
1.663	0.6427
1.664	0.6438
1.665	0.6449
1.666	0.646
1.667	0.6471
1.668	0.6482
1.669	0.6493
1.67	0.6504
1.671	0.6515
1.672	0.6526
1.673	0.6537
1.674	0.6548
1.675	0.6559
1.676	0.657
1.677	0.6581
1.678	0.6592
1.679	0.6603
1.68	0.6614
1.681	0.6625
1.682	0.6636
1.683	0.6647
1.684	0.6658
1.685	0.6669
1.686	0.668
1.687	0.6691
1.688	0.6702
1.689	0.6713
1.69	0.6724
1.691	0.6735
1.692	0.6746
1.693	0.6757
1.694	0.6768
1.695	0.6779
1.696	0.679
1.697	0.6801
1.698	0.6812
1.699	0.6823
1.7	0.6834
1.701	0.6845
1.702	0.6856
1.703	0.6867
1.704	0.6878
1.705	0.6889
1.706	0.69
1.707	0.6911
1.708	0.6922
1.709	0.6933
1.71	0.6945
1.711	0.6956
1.712	0.6967
1.713	0.6978
1.714	0.6989
1.715	0.7
1.716	0.7011
1.717	0.7022
1.718	0.7033
1.719	0.7044
1.72	0.7055
1.721	0.7066
1.722	0.7077
1.723	0.7088
1.724	0.7099
1.725	0.7111
1.726	0.7122
1.727	0.7133
1.728	0.7144
1.729	0.7155
1.73	0.7166
1.731	0.7177
1.732	0.7188
1.733	0.7199
1.734	0.721
1.735	0.7221
1.736	0.7233
1.737	0.7244
1.738	0.7255
1.739	0.7266
1.74	0.7277
1.741	0.7288
1.742	0.7299
1.743	0.731
1.744	0.7321
1.745	0.7333
1.746	0.7344
1.747	0.7355
1.748	0.7366
1.749	0.7377
1.75	0.7388
1.751	0.7399
1.752	0.741
1.753	0.7422
1.754	0.7433
1.755	0.7444
1.756	0.7455
1.757	0.7466
1.758	0.7477
1.759	0.7488
1.76	0.75
1.761	0.7511
1.762	0.7522
1.763	0.7533
1.764	0.7544
1.765	0.7555
1.766	0.7566
1.767	0.7578
1.768	0.7589
1.769	0.76
1.77	0.7611
1.771	0.7622
1.772	0.7633
1.773	0.7645
1.774	0.7656
1.775	0.7667
1.776	0.7678
1.777	0.7689
1.778	0.77
1.779	0.7712
1.78	0.7723
1.781	0.7734
1.782	0.7745
1.783	0.7756
1.784	0.7768
1.785	0.7779
1.786	0.779
1.787	0.7801
1.788	0.7812
1.789	0.7824
1.79	0.7835
1.791	0.7846
1.792	0.7857
1.793	0.7868
1.794	0.788
1.795	0.7891
1.796	0.7902
1.797	0.7913
1.798	0.7924
1.799	0.7936
1.8	0.7947
1.801	0.7958
1.802	0.7969
1.803	0.798
1.804	0.7992
1.805	0.8003
1.806	0.8014
1.807	0.8025
1.808	0.8037
1.809	0.8048
1.81	0.8059
1.811	0.807
1.812	0.8082
1.813	0.8093
1.814	0.8104
1.815	0.8115
1.816	0.8127
1.817	0.8138
1.818	0.8149
1.819	0.816
1.82	0.8172
1.821	0.8183
1.822	0.8194
1.823	0.8205
1.824	0.8217
1.825	0.8228
1.826	0.8239
1.827	0.825
1.828	0.8262
1.829	0.8273
1.83	0.8284
1.831	0.8296
1.832	0.8307
1.833	0.8318
1.834	0.8329
1.835	0.8341
1.836	0.8352
1.837	0.8363
1.838	0.8374
1.839	0.8386
1.84	0.8397
1.841	0.8408
1.842	0.842
1.843	0.8431
1.844	0.8442
1.845	0.8454
1.846	0.8465
1.847	0.8476
1.848	0.8487
1.849	0.8499
1.85	0.851
1.851	0.8521
1.852	0.8533
1.853	0.8544
1.854	0.8555
1.855	0.8567
1.856	0.8578
1.857	0.8589
1.858	0.8601
1.859	0.8612
1.86	0.8623
1.861	0.8635
1.862	0.8646
1.863	0.8657
1.864	0.8669
1.865	0.868
1.866	0.8691
1.867	0.8703
1.868	0.8714
1.869	0.8725
1.87	0.8737
1.871	0.8748
1.872	0.8759
1.873	0.8771
1.874	0.8782
1.875	0.8793
1.876	0.8805
1.877	0.8816
1.878	0.8828
1.879	0.8839
1.88	0.885
1.881	0.8862
1.882	0.8873
1.883	0.8884
1.884	0.8896
1.885	0.8907
1.886	0.8919
1.887	0.893
1.888	0.8941
1.889	0.8953
1.89	0.8964
1.891	0.8975
1.892	0.8987
1.893	0.8998
1.894	0.901
1.895	0.9021
1.896	0.9032
1.897	0.9044
1.898	0.9055
1.899	0.9067
1.9	0.9078
1.901	0.9089
1.902	0.9101
1.903	0.9112
1.904	0.9124
1.905	0.9135
1.906	0.9146
1.907	0.9158
1.908	0.9169
1.909	0.9181
1.91	0.9192
1.911	0.9204
1.912	0.9215
1.913	0.9226
1.914	0.9238
1.915	0.9249
1.916	0.9261
1.917	0.9272
1.918	0.9284
1.919	0.9295
1.92	0.9306
1.921	0.9318
1.922	0.9329
1.923	0.9341
1.924	0.9352
1.925	0.9364
1.926	0.9375
1.927	0.9387
1.928	0.9398
1.929	0.941
1.93	0.9421
1.931	0.9432
1.932	0.9444
1.933	0.9455
1.934	0.9467
1.935	0.9478
1.936	0.949
1.937	0.9501
1.938	0.9513
1.939	0.9524
1.94	0.9536
1.941	0.9547
1.942	0.9559
1.943	0.957
1.944	0.9582
1.945	0.9593
1.946	0.9605
1.947	0.9616
1.948	0.9628
1.949	0.9639
1.95	0.9651
1.951	0.9662
1.952	0.9674
1.953	0.9685
1.954	0.9697
1.955	0.9708
1.956	0.972
1.957	0.9731
1.958	0.9743
1.959	0.9754
1.96	0.9766
1.961	0.9777
1.962	0.9789
1.963	0.98
1.964	0.9812
1.965	0.9823
1.966	0.9835
1.967	0.9846
1.968	0.9858
1.969	0.9869
1.97	0.9881
1.971	0.9892
1.972	0.9904
1.973	0.9915
1.974	0.9927
1.975	0.9939
1.976	0.995
1.977	0.9962
1.978	0.9973
1.979	0.9985
1.98	0.9996
1.981	1.001
1.982	1.002
1.983	1.003
1.984	1.004
1.985	1.005
1.986	1.007
1.987	1.008
1.988	1.009
1.989	1.01
1.99	1.011
1.991	1.012
1.992	1.014
1.993	1.015
1.994	1.016
1.995	1.017
1.996	1.018
1.997	1.019
1.998	1.02
1.999	1.022
2	1.023
