1.154	0.1753
1.361	0.3884
1.126	0.1474
1.257	0.2811
1.115	0.1354
1.039	0.05774
1.226	0.2504
1.299	0.3226
1.36	0.387
1.248	0.273
1.195	0.2181
1.068	0.0869
1.261	0.2837
1.137	0.1587
1.263	0.2874
1.071	0.09072
1.313	0.339
1.245	0.2694
1.03	0.04996
1.275	0.3
1.125	0.1459
1.156	0.1779
1.261	0.2861
1.034	0.05402
1.152	0.1745
1.145	0.1662
1.29	0.3147
1.093	0.1116
1.154	0.1766
1.232	0.257
1.117	0.1375
1.152	0.1738
1.359	0.3858
1.15	0.1726
1.29	0.3142
1.141	0.1626
1.186	0.2088
1.178	0.1992
1.329	0.3562
1.222	0.2454
1.23	0.2546
1.106	0.125
1.224	0.2474
1.003	0.02975
1.171	0.192
1.267	0.2921
1.252	0.276
1.096	0.1158
1.431	0.4614
1.394	0.4225
1.152	0.1739
1.106	0.1263
1.262	0.287
1.267	0.2925
1.13	0.1511
1.161	0.1828
1.127	0.1481
1.252	0.2764
1.373	0.4007
1.194	0.2171
1.213	0.2361
1.244	0.2685
1.172	0.1933
1.326	0.3532
1.256	0.2798
1.239	0.2633
1.124	0.1446
1.147	0.1686
1.281	0.3068
1.276	0.3017
1.216	0.2392
1.196	0.2191
1.28	0.3043
1.283	0.3089
1.185	0.207
1.302	0.3272
1.414	0.4441
1.186	0.2091
1.228	0.2524
1.36	0.3868
1.109	0.1289
1.165	0.1877
1.121	0.1411
1.318	0.3441
1.348	0.3754
1.191	0.2135
1.234	0.2588
1.229	0.2531
1.224	0.248
1.424	0.4551
1.1	0.1214
1.193	0.216
1.351	0.3775
1.384	0.412
1.085	0.1046
1.178	0.2001
1.128	0.1489
1.266	0.2913
0.9635	0.008299
1.271	0.2969
1.153	0.1752
1.102	0.1222
1.21	0.233
1.333	0.3572
1.076	0.09459
1.12	0.1397
1.275	0.3002
1.08	0.09986
1.299	0.3229
1.196	0.2187
1.134	0.1552
1.169	0.1914
1.102	0.1229
1.186	0.2086
1.348	0.3755
1.073	0.09156
1.094	0.1143
1.225	0.2499
0.9945	0.0237
1.279	0.3051
1.177	0.1982
1.178	0.199
1.16	0.1828
1.357	0.384
1.312	0.3374
1.275	0.3038
1.295	0.3191
1.156	0.178
1.21	0.2331
1.323	0.3498
1.271	0.2965
1.21	0.2336
1.287	0.3099
1.285	0.3094
1.128	0.1488
1.161	0.1819
1.118	0.1378
1.199	0.2219
1.147	0.1686
1.144	0.1657
1.283	0.3088
1.511	0.543
1.16	0.1821
1.178	0.1999
1.301	0.3262
1.274	0.3019
1.308	0.3337
1.349	0.3761
1.209	0.2325
1.231	0.2555
1.266	0.2909
1.55	0.5823
1.219	0.2429
1.159	0.1806
1.211	0.2347
1.142	0.1649
1.268	0.2928
1.113	0.1337
1.344	0.3708
1.129	0.1506
1.204	0.2271
1.221	0.2444
1.143	0.1649
1.251	0.2756
1.26	0.2846
1.457	0.4888
1.184	0.2058
1.226	0.2505
1.334	0.3601
1.189	0.2122
1.254	0.2775
1.136	0.1573
1.208	0.2312
1.341	0.3683
1.192	0.2155
1.314	0.3401
1.16	0.1819
1.109	0.1292
1.4	0.4288
1.125	0.1464
1.499	0.531
1.371	0.3981
1.185	0.2078
1.103	0.1237
1.434	0.4648
1.093	0.1122
1.112	0.1317
1.22	0.2437
1.265	0.29
1.25	0.2744
1.404	0.4354
1.129	0.1496
1.07	0.08928
1.219	0.2425
1.083	0.1022
1.337	0.3643
1.071	0.09012
1.512	0.5444
1.154	0.1766
1.318	0.3446
1.274	0.2989
1.28	0.3044
1.457	0.4874
1.322	0.3486
1.218	0.241
1.106	0.1261
1.085	0.1039
1.118	0.1376
1.334	0.3601
1.298	0.3223
1.042	0.0614
1.321	0.3479
1.446	0.4773
1.37	0.3972
1.224	0.2483
1.179	0.2006
1.244	0.268
1.095	0.1144
1.316	0.3417
1.415	0.4453
1.078	0.09745
1.485	0.517
1.093	0.1122
1.223	0.2464
1.292	0.3166
1.267	0.2921
1.199	0.2222
1.073	0.09203
1.299	0.323
1.165	0.1879
1.26	0.2841
1.552	0.5862
1.343	0.3699
1.197	0.2206
1.141	0.1622
1.133	0.1545
1.17	0.1914
1.41	0.4402
1.138	0.1592
1.225	0.2484
1.098	0.118
1.295	0.3203
1.254	0.2786
1.116	0.1354
1.174	0.1958
1.194	0.2175
1.266	0.2899
1.161	0.1823
1.238	0.2628
1.236	0.2606
1.192	0.2147
1.225	0.25
1.17	0.1928
1.125	0.1458
1.239	0.2632
1.199	0.222
1.26	0.2841
1.435	0.4652
1.244	0.2686
1.203	0.2256
1.238	0.2631
1.081	0.1019
1.278	0.3046
1.184	0.2053
1.238	0.2622
1.127	0.1477
1.28	0.3041
1.166	0.1884
0.9782	0.01461
1.019	0.04099
1.019	0.04111
1.026	0.04715
1.156	0.1789
1.234	0.2588
1.026	0.04695
1.203	0.2256
1.185	0.2061
1.108	0.1289
1.25	0.2749
1.167	0.1901
1.151	0.1721
1.244	0.2681
1.159	0.1817
1.27	0.2953
1.335	0.3634
1.2	0.2223
1.261	0.2863
1.222	0.245
1.121	0.1411
1.29	0.315
1.312	0.3381
1.252	0.2761
1.257	0.2811
1.415	0.4446
1.113	0.1337
1.245	0.2689
1.152	0.1744
1.218	0.2416
1.182	0.204
1.287	0.31
1.209	0.2319
1.266	0.2908
1.212	0.2355
1.197	0.2203
1.429	0.4591
1.259	0.2828
1.214	0.2367
1.062	0.08186
1.152	0.1749
1.225	0.2494
1.215	0.2382
1.16	0.1823
1.022	0.04392
1.19	0.2128
1.071	0.0899
1.059	0.07776
1.263	0.2873
1.274	0.2998
1.331	0.3575
1.064	0.08482
1.164	0.1862
1.396	0.4246
1.222	0.2452
1.271	0.2956
1.304	0.3302
1.131	0.1524
1.157	0.1787
1.112	0.1321
1.136	0.1567
1.268	0.2924
1.145	0.1676
1.12	0.141
1.293	0.3172
1.189	0.2118
1.15	0.1711
1.496	0.5278
1.16	0.1818
1.276	0.3024
1.279	0.3045
1.221	0.2449
1.111	0.1312
1.149	0.1713
1.226	0.2503
1.36	0.3869
1.295	0.3194
1.293	0.3182
1.213	0.2355
1.287	0.3125
1.115	0.1353
1.253	0.2775
1.361	0.3883
1.288	0.311
1.196	0.2195
1.296	0.3207
1.187	0.2095
1.165	0.186
1.029	0.05006
1.059	0.07762
1.019	0.04121
1.206	0.2291
1.281	0.3052
1.171	0.192
1.288	0.3139
1.114	0.1331
1.146	0.1683
1.183	0.2037
1.093	0.1133
1.261	0.2851
1.227	0.2514
1.337	0.3651
1.057	0.07583
1.335	0.3607
1.155	0.177
1.268	0.2918
1.209	0.2319
1.222	0.2452
1.291	0.3152
1.186	0.2085
1.338	0.3653
1.268	0.2924
1.092	0.1115
1.152	0.1748
1.185	0.2064
1.253	0.2779
1.034	0.05414
1.165	0.1861
1.014	0.03738
1.138	0.1592
1.17	0.1925
1.105	0.1246
1.118	0.137
1.322	0.3482
1.137	0.1581
1.209	0.2316
1.117	0.1369
1.165	0.1873
1.293	0.3182
1.354	0.382
1.125	0.146
1.308	0.3338
1.443	0.4737
1.218	0.2415
1.195	0.2184
1.115	0.1342
1.297	0.3207
1.189	0.2114
1.243	0.2674
1.173	0.1946
1.329	0.3557
1.167	0.1896
1.085	0.1054
0.8708	0.003912
1.203	0.2254
1.436	0.4666
1.04	0.06012
1.115	0.1355
1.229	0.2535
1.131	0.1526
1.297	0.3212
1.187	0.2101
1.074	0.09299
1.255	0.2789
1.237	0.262
1.28	0.306
1.272	0.2975
1.05	0.06823
1.137	0.1583
1.031	0.05137
1.212	0.2357
1.097	0.1157
1.201	0.2236
1.347	0.3718
1.362	0.3892
1.331	0.3573
1.306	0.3311
1.27	0.2933
1.368	0.3951
1.233	0.2577
1.137	0.1585
1.252	0.2761
1.397	0.4258
1.267	0.2921
1.219	0.2429
1.201	0.2236
1.341	0.3667
1.149	0.1716
1.417	0.4478
1.389	0.4168
1.058	0.07757
1.275	0.3017
1.339	0.3659
1.03	0.05003
1.219	0.2421
1.192	0.2147
1.179	0.2003
1.162	0.1847
1.295	0.3202
1.318	0.3437
1.261	0.2847
1.445	0.4747
1.216	0.239
1.05	0.06856
1.241	0.2651
1.267	0.2917
1.174	0.1966
1.143	0.1648
1.06	0.07941
1.278	0.302
1.302	0.328
1.225	0.2479
1.133	0.1539
1.21	0.2332
1.071	0.08912
1.314	0.3403
0.9585	0.006206
1.304	0.3295
1.355	0.3807
1.279	0.3046
1.326	0.3527
1.43	0.4601
1.128	0.1485
1.173	0.1955
1.255	0.2782
1.235	0.2599
1.196	0.2194
1.119	0.139
1.143	0.1643
1.187	0.2101
1.284	0.3102
1.288	0.3119
1.038	0.05751
1.257	0.2803
1.156	0.1773
1.094	0.1132
1.12	0.1401
1.189	0.2119
1.09	0.1121
1.269	0.2966
1.208	0.2314
1.258	0.2815
1.25	0.2748
1.127	0.1482
1.142	0.1639
1.248	0.2725
1.165	0.1873
1.426	0.4561
0.9861	0.01873
1.098	0.1191
1.37	0.3976
1.568	0.6014
1.373	0.4008
1.135	0.1559
1.048	0.06832
1.049	0.06757
1.159	0.1809
1.306	0.3318
1.047	0.06676
1.391	0.4189
0.9969	0.02517
1.172	0.1933
1.034	0.05358
1.035	0.05405
1.206	0.2294
1.139	0.1598
1.086	0.1069
1.192	0.215
1.123	0.1426
1.274	0.3
1.201	0.2242
1.265	0.2908
1.162	0.1842
1.064	0.08239
1.424	0.4538
1.24	0.2643
1.163	0.1857
1.282	0.3065
1.234	0.2594
1.243	0.2669
1.441	0.4696
1.288	0.3131
1.114	0.1336
1.58	0.6142
1.127	0.1481
1.28	0.3062
1.308	0.3334
1.177	0.1985
1.165	0.1871
1.063	0.08338
1.348	0.3758
1.333	0.359
1.144	0.1657
1.405	0.4352
1.306	0.331
1.248	0.2722
1.073	0.09244
1.338	0.3672
1.102	0.1214
1.32	0.3463
1.343	0.3715
1.161	0.1846
1.272	0.2969
1.096	0.1154
1.167	0.1881
1.128	0.1491
1.231	0.255
1.219	0.2426
1.317	0.3429
1.378	0.4059
1.246	0.2706
1.508	0.5393
1.263	0.288
1.199	0.2212
1.516	0.5482
1.196	0.2193
1.035	0.05464
1.117	0.1385
1.218	0.2422
1.17	0.1911
1.072	0.09195
1.34	0.3674
1.15	0.1714
1.247	0.2711
0.9677	0.01022
1.209	0.2324
1.175	0.1966
1.114	0.133
1.213	0.236
1.191	0.2138
1.223	0.2467
1.348	0.3748
1.121	0.1413
1.095	0.1149
1.234	0.2585
1.165	0.1858
1.033	0.0522
1.172	0.1933
1.315	0.3412
1.3	0.3244
1.227	0.2513
1.087	0.1064
1.124	0.145
1.221	0.244
1.195	0.2181
1.226	0.2506
1.357	0.3833
1.087	0.1065
1.161	0.1826
1.332	0.3608
1.168	0.1901
1.059	0.07764
1.114	0.1342
0.9816	0.01658
1.411	0.4421
1.264	0.2879
1.247	0.2719
1.32	0.3466
1.303	0.3286
1.228	0.2526
1.198	0.2211
1.064	0.08277
1.139	0.1606
1.165	0.1877
1.273	0.2977
1.294	0.3199
1.203	0.2256
1.245	0.2691
1.14	0.1611
1.192	0.2147
1.416	0.4466
1.08	0.09913
1.138	0.1596
1.176	0.198
1.154	0.1764
1.086	0.1062
1.262	0.2857
1.173	0.1955
1.271	0.2966
1.37	0.3973
1.002	0.02849
1.268	0.2924
1.243	0.2673
1.203	0.2257
1.153	0.1741
1.214	0.2375
1.473	0.5032
1.324	0.3508
1.182	0.2033
1.412	0.4417
1.348	0.3738
1.235	0.259
1.042	0.06072
1.393	0.4214
1.061	0.07922
1.303	0.3274
1.31	0.3358
1.179	0.2011
1.348	0.3732
1.05	0.0688
1.02	0.04147
1.118	0.1377
1.187	0.2092
1.236	0.26
1.099	0.1192
1.253	0.2772
1.339	0.364
1.265	0.2898
1.155	0.1779
1.354	0.3813
1.16	0.1818
1.367	0.3939
1.221	0.2451
1.231	0.2556
1.27	0.2943
1.086	0.1058
1.218	0.2408
1.186	0.2084
1.149	0.1713
1.324	0.3498
1.11	0.1305
1.09	0.1095
1.323	0.3497
1.185	0.2082
1.273	0.3004
1.172	0.1937
1.263	0.2868
1.266	0.2895
1.137	0.1582
1.18	0.2015
1.116	0.1365
1.166	0.1888
1.106	0.1256
1.333	0.3597
1.389	0.4174
1.258	0.2829
1.078	0.09786
1.196	0.2195
1.408	0.439
1.133	0.1538
1.359	0.3855
1.145	0.1672
1.4	0.4282
1.119	0.1392
1.386	0.414
1.441	0.4719
1.17	0.1928
1.21	0.2337
1.038	0.05751
1.167	0.1895
1.361	0.3884
1.253	0.2772
1.323	0.349
1.357	0.386
1.066	0.08577
1.287	0.3119
1.138	0.1592
1.285	0.3094
1.506	0.5379
1.125	0.1461
1.313	0.3389
1.384	0.4117
1.237	0.2617
1.248	0.2722
1.351	0.3788
1.207	0.2301
1.059	0.07789
1.116	0.1363
1.132	0.1533
1.198	0.2214
1.373	0.4005
1.161	0.1824
1.315	0.3404
1.339	0.3652
1.211	0.2347
1.128	0.149
1.182	0.2035
1.082	0.1021
1.275	0.2999
1.129	0.1497
1.426	0.4562
1.261	0.2851
1.208	0.2312
1.272	0.2961
1.299	0.3232
1.21	0.233
1.16	0.1827
1.202	0.2244
1.225	0.25
1.012	0.03553
1.333	0.3613
1.138	0.1597
1.177	0.1976
1.177	0.1991
1.269	0.2946
1.213	0.2367
1.04	0.05945
1.074	0.09428
1.237	0.2618
1.123	0.1436
1.117	0.137
1.253	0.2769
1.13	0.1508
1.28	0.3066
1.171	0.1925
1.397	0.4251
1.363	0.3902
1.147	0.1682
1.135	0.156
1.206	0.229
1.332	0.3595
1.225	0.2484
1.152	0.1739
1.066	0.08515
1.29	0.3149
1.468	0.4988
1.19	0.2138
1.13	0.1509
1.063	0.08189
1.201	0.2237
1.291	0.3141
1.161	0.1831
1.16	0.1823
1.241	0.2649
1.31	0.3353
1.156	0.1784
1.293	0.3182
1.226	0.2494
1.342	0.3693
1.357	0.3854
1.28	0.3038
1.303	0.3268
1.103	0.1236
1.218	0.2418
1.266	0.2904
1.06	0.07988
1.11	0.1305
1.08	0.09944
1.387	0.4147
1.317	0.3432
1.292	0.3173
1.311	0.3373
1.203	0.2261
1.139	0.1598
1.195	0.2184
1.327	0.3533
1.201	0.2235
1.559	0.593
1.327	0.3536
1.164	0.1862
1.218	0.2407
1.06	0.07829
1.314	0.3401
1.174	0.1956
1.069	0.08959
1.129	0.1497
1.255	0.2785
1.083	0.1018
1.203	0.2258
1.273	0.298
1.331	0.3545
1.247	0.2714
1.139	0.1599
1.057	0.07621
1.213	0.2366
1.205	0.2284
1.125	0.1461
1.053	0.07283
1.254	0.2787
1.187	0.2103
1.115	0.1345
1.271	0.2975
1.241	0.2654
1.274	0.3003
1.272	0.2979
1.238	0.263
1.326	0.3523
1.16	0.1815
1.246	0.2701
1.257	0.2806
1.203	0.2264
1.214	0.2371
1.135	0.1556
1.281	0.3056
1.447	0.4769
1.581	0.6149
1.289	0.3149
1.025	0.04647
1.33	0.3578
1.101	0.1207
1.209	0.2323
1.358	0.3849
1.26	0.2842
1.124	0.1427
1.248	0.272
1.024	0.04507
1.346	0.3724
1.14	0.1614
1.218	0.2419
1.18	0.2008
1.31	0.3353
1.116	0.1353
1.375	0.4027
1.232	0.2557
1.258	0.2811
1.24	0.2645
1.195	0.2182
1.331	0.3554
1.037	0.05642
1.272	0.2966
1.188	0.2111
1.071	0.0915
1.168	0.1902
1.171	0.1925
1.244	0.2681
1.28	0.3049
1.221	0.2448
1.347	0.3744
1.201	0.2241
1.219	0.2428
1.204	0.2273
1.245	0.269
1.055	0.07314
1.302	0.3268
1.196	0.2191
1.389	0.4167
1.252	0.2759
1.073	0.0927
1.149	0.1717
1.165	0.1886
1.239	0.2624
1.335	0.3622
1.063	0.08307
1.166	0.1876
1.223	0.2465
1.314	0.3396
1.104	0.1242
1.337	0.3641
1.394	0.4222
1.296	0.3198
1.023	0.0438
1.207	0.2297
1.261	0.2853
1.198	0.221
1.064	0.08343
1.175	0.1963
1.232	0.257
1.175	0.1968
1.268	0.2935
1.278	0.3026
1.304	0.3288
1.373	0.4002
1.118	0.1384
0.925	0
1.17	0.1909
1.112	0.1328
1.082	0.102
1.062	0.08195
1.275	0.2999
1.096	0.1149
1.253	0.2773
1.211	0.234
1.241	0.2654
1.331	0.3597
1.171	0.1922
1.222	0.2462
1.121	0.141
1.223	0.2472
1.476	0.507
1.217	0.2402
1.32	0.3466
1.292	0.3183
1.271	0.2955
1.221	0.2442
1.146	0.1676
1.213	0.2361
1.417	0.4473
1.366	0.3928
1.404	0.4325
1.065	0.08368
1.309	0.3348
1.144	0.1658
1.318	0.344
1.224	0.2487
1.097	0.1165
1.239	0.2632
1.149	0.1704
0.948	0.00339
1.297	0.3204
1.21	0.2331
1.277	0.3031
1.284	0.3085
1.179	0.2006
1.19	0.2127
1.15	0.1727
1.148	0.1684
1.304	0.3293
1.088	0.1076
1.075	0.09449
1.119	0.1385
1.112	0.132
0.9377	0.0007169
1.286	0.3133
1.229	0.2532
1.215	0.2385
1.107	0.1263
1.295	0.3187
1.324	0.3506
1.063	0.08212
1.194	0.217
1.407	0.4378
1.227	0.2517
1.325	0.3522
1.252	0.2768
1.351	0.3747
1.267	0.2921
1.167	0.1881
1.102	0.1229
1.399	0.4269
1.3	0.3249
1.121	0.1413
1.272	0.2973
1.244	0.2685
1.421	0.4503
1.27	0.2953
1.121	0.1416
1.062	0.08088
1.447	0.4763
1.236	0.2601
1.184	0.2064
1.199	0.2216
1.291	0.316
1.192	0.2153
1.111	0.1309
1.046	0.06463
1.113	0.1327
1.298	0.3226
1.304	0.3293
1.051	0.06966
1.15	0.172
1.218	0.2407
1.15	0.1711
1.291	0.3166
1.333	0.3621
1.366	0.3938
1.026	0.04639
1.228	0.2522
1.359	0.3864
1.127	0.148
1.418	0.448
1.246	0.2711
1.169	0.1907
1.337	0.3664
1.272	0.297
1.085	0.1039
1.111	0.1323
1.256	0.279
1.072	0.09116
1.298	0.3245
1.298	0.3226
1.211	0.234
1.2	0.2228
1.163	0.1851
1.313	0.3385
1.145	0.1672
1.154	0.1771
1.308	0.3331
1.02	0.04214
1.226	0.2499
1.086	0.1064
1.255	0.2787
1.134	0.1554
1.338	0.3639
1.302	0.3269
1.015	0.0384
1.207	0.2303
1.157	0.1787
1.131	0.152
1.218	0.2411
1.118	0.1376
1.206	0.2292
1.012	0.03619
1.213	0.236
1.23	0.2549
1.079	0.1009
1.165	0.1871
1.316	0.3417
1.111	0.1313
1.15	0.173
1.094	0.1144
1.257	0.2811
1.382	0.4097
1.139	0.1598
1.357	0.3828
1.031	0.05079
1.188	0.2112
1.217	0.2399
1.168	0.1913
1.182	0.204
1.111	0.1309
1.256	0.2792
1.394	0.4226
1.128	0.1492
1.345	0.3716
1.23	0.2547
1.129	0.1501
1.095	0.1144
1.379	0.4065
1.163	0.1842
1.252	0.2767
1.271	0.2988
1.442	0.4729
1.221	0.2443
1.019	0.04071
1.236	0.2602
1.216	0.2385
1.255	0.2789
1.148	0.1694
1.151	0.1742
1.153	0.175
1.352	0.3791
1.395	0.4238
1.273	0.2991
1.239	0.2637
1.255	0.2781
1.295	0.3194
1.143	0.1653
0.9704	0.01122
1.077	0.09628
1.221	0.2439
1.363	0.3901
1.231	0.2556
1.148	0.1695
1.078	0.09841
1.358	0.3844
1.239	0.2634
1.187	0.2096
1.215	0.2385
1.069	0.08801
1.257	0.2808
1.249	0.2729
1.296	0.3197
1.065	0.08379
1.521	0.5533
1.209	0.2322
1.135	0.1558
1.446	0.4764
1.175	0.1971
1.324	0.351
1.196	0.2192
0.9777	0.01449
1.151	0.1716
1.32	0.3459
1.189	0.2118
1.288	0.3121
1.236	0.2609
1.271	0.2968
1.274	0.2993
1.44	0.4703
1.189	0.2118
1.109	0.1289
1.289	0.3149
1.173	0.1948
1.266	0.2912
1.223	0.2461
1.323	0.3489
1.062	0.08137
1.377	0.4043
1.194	0.2173
1.227	0.2517
1.29	0.3165
1.085	0.1051
1.293	0.3163
1.271	0.2942
1.291	0.3148
1.241	0.2651
1.357	0.3839
1.307	0.3324
1.127	0.1479
1.224	0.2471
1.067	0.08563
1.224	0.2475
1.072	0.09117
1.33	0.3561
1.243	0.2675
1.32	0.3467
1.133	0.1538
1.009	0.03297
1.438	0.4686
1.16	0.1821
1.316	0.342
1.177	0.1991
1.253	0.2775
1.354	0.3802
1.176	0.1983
1.056	0.07524
1.007	0.03164
1.041	0.06065
1.238	0.2624
1.182	0.203
1.035	0.05462
1.237	0.2613
1.076	0.09537
1.195	0.2178
1.105	0.124
1.105	0.1258
1.215	0.238
1.286	0.3107
1.073	0.09292
1.415	0.4448
1.163	0.1846
1.139	0.1608
1.325	0.3515
1.375	0.4026
1.141	0.1628
1.366	0.3937
1.237	0.2619
1.292	0.3153
1.44	0.4709
1.159	0.1805
1.245	0.2685
1.263	0.2869
1.157	0.1777
1.117	0.1374
1.155	0.1775
0.9746	0.01294
1.42	0.4508
1.266	0.2909
1.138	0.1586
1.179	0.2004
1.295	0.3192
1.383	0.4106
1.304	0.3279
1.107	0.1275
1.14	0.1607
1.124	0.1447
1.375	0.4022
1.255	0.2791
1.333	0.3578
1.311	0.337
1.185	0.2077
1.252	0.2761
1.319	0.3451
1.016	0.03846
1.421	0.4512
1.162	0.1838
1.18	0.202
1.31	0.3354
1.008	0.03238
1.132	0.1534
1.289	0.3132
1.168	0.1897
1.186	0.2084
1.262	0.2868
1.238	0.2621
1.201	0.2234
1.316	0.3425
1.148	0.17
1.163	0.1849
1.436	0.4658
1.432	0.4626
1.084	0.1035
1.414	0.4433
1.134	0.1548
1.187	0.2092
1.268	0.2922
1.236	0.2608
1.282	0.3085
1.192	0.2148
0.963	0.007965
1.348	0.3737
1.223	0.2462
1.069	0.08845
1.231	0.255
1.265	0.2891
1.219	0.2429
1.2	0.2229
1.357	0.3834
1.148	0.1706
1.294	0.319
1.291	0.3154
1.213	0.2365
1.253	0.2774
1.195	0.2179
1.217	0.2404
1.395	0.4232
0.9923	0.02268
1.134	0.1554
1.286	0.3104
1.185	0.2078
1.424	0.4547
1.15	0.1721
1.136	0.1572
1.245	0.2688
1.069	0.08898
1.113	0.1337
1.177	0.1984
1.412	0.4423
1.168	0.1901
1.313	0.3394
1.222	0.2458
1.088	0.1077
1.159	0.1807
1.189	0.2116
1.239	0.2634
1.041	0.06041
1.29	0.3138
1.095	0.114
1.162	0.1836
1.259	0.2828
1.113	0.134
1.274	0.2995
1.297	0.3216
1.195	0.2181
1.209	0.2318
1.245	0.2693
1.227	0.2522
1.354	0.3808
1.182	0.2042
1.18	0.2016
1.314	0.3404
1.188	0.2109
1.065	0.08362
1.282	0.3078
1.271	0.2982
1.181	0.2019
1.162	0.1839
1.216	0.239
1.178	0.199
1.169	0.1916
1.166	0.1894
1.247	0.2715
1.32	0.3461
1.144	0.1657
1.138	0.1592
1.317	0.3432
1.213	0.2368
1.308	0.3333
1.246	0.2699
1.219	0.2424
1.223	0.2473
1.352	0.3781
1.449	0.4791
1.092	0.1121
1.223	0.2462
1.184	0.2058
1.224	0.2478
1.062	0.08172
1.265	0.289
1.204	0.2276
1.181	0.2023
1.265	0.2891
1.338	0.3659
1.383	0.4113
1.147	0.1686
1.417	0.4472
1.31	0.336
1.322	0.3483
1.218	0.2415
1.281	0.3054
1.133	0.1535
1.072	0.09107
1.311	0.3366
1.164	0.1868
1.224	0.2475
1.234	0.2577
1.205	0.2284
1.219	0.2422
1.334	0.3607
1.222	0.2452
1.178	0.1995
1.238	0.2621
1.304	0.3285
1.209	0.232
1.227	0.2515
1.237	0.2608
1.268	0.2917
1.267	0.2918
1.243	0.2673
1.118	0.1378
1.318	0.3439
1.127	0.1481
1.068	0.08708
1.283	0.3074
1.176	0.1972
1.568	0.6018
1.341	0.3664
1.279	0.3048
1.275	0.3015
1.192	0.2148
1.181	0.2029
1.098	0.1185
1.226	0.2499
1.195	0.219
1.087	0.1079
1.144	0.1659
1.14	0.161
1.06	0.07867
1.211	0.2344
1.152	0.1749
1.264	0.2883
1.057	0.07641
1.316	0.3416
1.232	0.2566
1.152	0.1748
1.122	0.1414
1.155	0.179
1.309	0.3344
1.253	0.2773
1.174	0.1953
1.253	0.2778
1.112	0.1312
1.373	0.4006
1.282	0.3067
1.118	0.1388
1.139	0.1609
1.181	0.2019
1.224	0.248
1.185	0.208
1.357	0.3842
1.145	0.1687
1.044	0.06304
1.085	0.105
1.388	0.4158
1.261	0.2844
1.165	0.1868
1.144	0.1642
1.347	0.3726
1.104	0.1238
1.097	0.1163
1.331	0.3582
1.116	0.1365
1.076	0.09667
1.114	0.1332
1.025	0.04616
1.306	0.3312
0.9944	0.02361
1.093	0.1125
1.181	0.2026
1.346	0.3722
1.167	0.1904
1.562	0.5957
1.343	0.3693
1.265	0.2888
1.293	0.3164
1.216	0.2398
1.211	0.2338
1.233	0.2572
1.107	0.1273
1.025	0.04547
1.155	0.1778
1.251	0.2749
1.139	0.1602
1.199	0.2219
1.202	0.2248
1.253	0.2778
1.231	0.2552
1.133	0.1537
1.198	0.221
1.269	0.2946
1.13	0.1513
1.162	0.1848
1.104	0.1234
1.336	0.3644
1.326	0.3531
1.135	0.1559
1.268	0.293
1.082	0.1021
1.261	0.2862
1.165	0.1867
1.229	0.2537
1.303	0.3277
1.172	0.1935
1.387	0.4149
1.275	0.3004
1.052	0.07171
1.153	0.1757
1.23	0.2548
1.168	0.1897
1.246	0.2707
1.117	0.1371
1.196	0.2195
1.105	0.1256
1.185	0.2077
1.247	0.2715
1.268	0.293
1.249	0.2733
1.245	0.2692
1.358	0.3854
1.379	0.4068
1.18	0.2013
1.201	0.2245
1.361	0.3876
1.038	0.05743
1.23	0.2542
1.119	0.1391
1.22	0.244
1.407	0.4377
1.144	0.1662
1.304	0.3302
1.125	0.1458
1.293	0.3178
1.192	0.2156
1.036	0.05591
1.377	0.4046
1.218	0.2413
1.034	0.05427
1.298	0.3227
1.11	0.1301
1.112	0.1323
1.216	0.2394
1.34	0.3667
1.205	0.2279
1.105	0.1257
1.288	0.3118
1.363	0.3907
1.021	0.04253
1.251	0.2755
1.137	0.1578
1.288	0.3113
1.086	0.1067
1.409	0.4393
1.244	0.2682
1.132	0.1537
1.15	0.172
1.442	0.4718
1.21	0.233
1.483	0.5146
1.358	0.3849
1.427	0.457
1.196	0.2192
1.173	0.1948
0.9607	0.007279
1.215	0.2377
1.118	0.1378
1.156	0.1778
1.252	0.2763
1.212	0.2355
1.118	0.138
1.192	0.2154
1.294	0.3174
1.275	0.3005
1.386	0.4141
1.176	0.1977
1.485	0.5166
1.153	0.175
1.221	0.2443
1.021	0.0427
1.223	0.2461
1.244	0.2679
1.412	0.4426
1.112	0.1323
1.234	0.259
1.092	0.1119
1.172	0.193
1.497	0.5289
1.105	0.1249
1.128	0.1494
1.273	0.2977
1.141	0.1633
1.272	0.297
1.16	0.1813
1.322	0.3486
1.182	0.2033
1.236	0.2608
1.297	0.3211
1.037	0.05648
1.253	0.2767
1.197	0.2202
1.174	0.1953
1.09	0.1102
1.171	0.1927
1.305	0.3292
1.267	0.292
1.158	0.1809
1.326	0.3529
1.249	0.274
1.232	0.2564
1.166	0.1887
1.38	0.4075
1.191	0.214
1.442	0.4729
1.017	0.03932
1.135	0.1563
1.291	0.3167
1.503	0.5363
1.312	0.3374
1.378	0.4054
1.277	0.3029
1.174	0.1961
1.331	0.3578
1.042	0.06113
1.221	0.2448
1.1	0.1198
1.267	0.2916
1.215	0.238
1.204	0.2271
1.162	0.1844
1.123	0.1431
1.339	0.3653
1.081	0.09923
1.144	0.1655
1.211	0.2346
1.118	0.1369
1.273	0.2989
1.349	0.3745
1.171	0.1931
1.239	0.2632
0.935	0.0003338
1.228	0.2531
1.332	0.3585
1.103	0.1237
1.259	0.2831
1.303	0.3281
1.275	0.3011
1.06	0.07817
1.096	0.1166
1.349	0.3755
1.324	0.3502
1.153	0.1752
1.152	0.173
1.165	0.1861
1.221	0.2441
1.358	0.385
1.138	0.159
1.207	0.2305
1.227	0.2511
1.248	0.2726
1.192	0.2153
1.407	0.4377
1.035	0.05455
1.18	0.2016
1.209	0.2319
1.055	0.07324
1.261	0.2854
1.185	0.2076
1.162	0.1837
1.345	0.3711
1.159	0.1811
1.173	0.194
1.243	0.2676
1.201	0.2242
1.21	0.2334
1.313	0.3388
1.48	0.5119
1.046	0.06694
1.158	0.1796
1.068	0.08669
1.162	0.1844
1.213	0.2363
1.388	0.4158
1.171	0.1929
1.237	0.2607
1.229	0.2537
1.418	0.4478
1.245	0.2694
1.295	0.3206
1.308	0.3334
1.205	0.2281
1.199	0.2221
1.327	0.3534
1.383	0.4109
1.265	0.2894
1.38	0.4079
1.091	0.1096
1.09	0.1094
1.129	0.1497
1.18	0.2015
1.078	0.09852
1.267	0.292
1.298	0.3236
1.043	0.06223
1.037	0.05634
1.039	0.05779
1.085	0.1027
1.184	0.206
1.088	0.1074
1.116	0.1359
1.289	0.3145
1.17	0.1918
1.088	0.1075
1.444	0.4733
1.113	0.1331
1.158	0.18
1.442	0.4725
1.067	0.08579
1.136	0.1573
1.278	0.3046
1.336	0.3619
1.183	0.2043
1.284	0.3102
1.474	0.5042
1.258	0.282
0.9843	0.01744
1.168	0.1905
1.05	0.07041
1.309	0.3344
1.15	0.1713
1.286	0.3139
1.228	0.2529
1.276	0.3008
1.148	0.1689
1.325	0.3519
1.371	0.3984
1.283	0.3075
1.071	0.08981
1.234	0.258
1.136	0.157
1.292	0.3156
1.392	0.4204
1.033	0.05309
1.089	0.1079
1.028	0.04787
1.249	0.2737
1.173	0.1949
1.301	0.3262
1.28	0.3053
1.09	0.1098
1.151	0.173
1.16	0.1815
1.155	0.1766
1.211	0.2345
1.232	0.2563
1.073	0.09208
1.289	0.3135
1.335	0.363
1.295	0.3203
1.128	0.1498
1.196	0.2195
1.163	0.1839
1.216	0.2392
1.153	0.1756
1.203	0.2259
1.291	0.3159
1.304	0.3285
1.214	0.2372
1.231	0.2558
1.076	0.09628
1.393	0.4209
1.121	0.1403
1.123	0.1429
1.302	0.3268
1.147	0.1687
1.194	0.2171
1.17	0.1931
1.22	0.2433
1.046	0.06511
0.9644	0.008471
1.118	0.1375
1.117	0.136
1.334	0.3609
1.293	0.3178
1.424	0.4551
1.137	0.1579
1.128	0.1494
1.136	0.1572
1.2	0.2229
1.241	0.2654
1.326	0.3526
1.317	0.3427
1.171	0.1925
1.162	0.1836
1.211	0.2347
1.083	0.1021
1.162	0.1839
1.177	0.1984
1.107	0.1261
1.239	0.2633
1.157	0.1795
1.223	0.2465
1.068	0.08708
1.037	0.05651
1.48	0.5121
1.209	0.2324
1.205	0.228
1.156	0.1779
1.345	0.3718
1.351	0.3772
1.252	0.2758
1.141	0.1631
1.351	0.3789
1.387	0.4147
1.449	0.4797
1.156	0.1776
1.216	0.2389
1.059	0.07845
1.232	0.2569
1.23	0.2548
1.311	0.3369
1.349	0.3749
1.114	0.1339
1.225	0.25
1.147	0.1705
1.261	0.2852
1.15	0.1708
1.167	0.1884
1.208	0.2311
1.259	0.2825
1.515	0.5471
1.057	0.07559
1.18	0.202
1.271	0.2972
1.165	0.1871
1.188	0.2113
1.27	0.2964
1.137	0.1583
1.301	0.3257
1.163	0.1845
1.357	0.3842
1.402	0.43
1.179	0.2004
1.301	0.3261
1.296	0.322
1.342	0.3677
1.38	0.4075
1.251	0.2756
1.062	0.08126
1.329	0.3563
1.045	0.0638
1.157	0.1787
1.041	0.06029
1.271	0.2959
1.103	0.1213
1.289	0.314
1.227	0.2514
1.156	0.179
1.33	0.357
1.486	0.5178
1.216	0.2397
1.213	0.2365
1.06	0.07878
1.139	0.1599
1.108	0.1279
1.242	0.2662
1.282	0.3066
1.15	0.171
1.219	0.2423
1.279	0.3064
1.218	0.2423
1.356	0.3847
1.22	0.2433
1.148	0.1699
1.045	0.06431
1.133	0.1538
1.303	0.3272
1.256	0.2795
1.218	0.2408
1.131	0.1521
1.164	0.1867
1.22	0.2429
1.198	0.2209
1.002	0.02905
1.282	0.3081
1.097	0.1165
1.062	0.08081
1.386	0.414
1.102	0.1211
1.27	0.2958
1.317	0.3431
1.173	0.1946
1.2	0.2227
0.9789	0.01531
1.157	0.1792
1.315	0.3408
1.229	0.2529
1.084	0.1044
1.155	0.1756
1.241	0.2653
1.266	0.2923
1.14	0.1615
1.24	0.2642
1.272	0.2963
1.544	0.5782
1.12	0.1406
1.296	0.3208
1.275	0.3007
1.273	0.2968
1.303	0.3282
1.128	0.1485
1.15	0.1729
1.193	0.2162
1.092	0.1113
1.2	0.2227
1.11	0.1304
1.061	0.07955
1.214	0.2367
1.263	0.2866
1.067	0.08608
1.059	0.0783
1.148	0.1701
1.436	0.4665
1.406	0.4356
1.264	0.2886
1.221	0.2448
1.54	0.5731
0.9908	0.02111
1.387	0.415
1.103	0.1227
1.314	0.3398
1.575	0.6085
1.271	0.2958
1.457	0.4882
1.277	0.3011
1.109	0.1288
1.234	0.258
1.252	0.2771
1.235	0.2593
1.147	0.1684
1.175	0.1971
1.322	0.348
1.302	0.3269
1.246	0.2711
1.061	0.08117
1.299	0.3249
1.297	0.3223
1.085	0.1045
1.27	0.2969
1.342	0.3692
1.439	0.4688
1.233	0.2573
1.125	0.1461
1.145	0.1675
1.212	0.2355
1.387	0.4156
1.135	0.1561
1.004	0.03032
1.2	0.2222
1.285	0.311
1.329	0.3554
1.063	0.08214
1.373	0.401
1.251	0.2754
1.275	0.2999
1.019	0.0414
1.013	0.03591
1.182	0.2043
1.458	0.4888
1.104	0.1243
1.225	0.2482
1.363	0.3901
1.176	0.1973
1.259	0.2825
1.071	0.09094
1.221	0.2449
1.14	0.1607
1.185	0.2076
1.208	0.2318
1.001	0.0275
1.302	0.326
1.083	0.1023
1.241	0.265
1.098	0.1186
1.034	0.05411
1.074	0.09396
1.105	0.1241
1.251	0.2755
1.216	0.2396
1.391	0.4193
1.16	0.1819
1.231	0.2556
1.206	0.2291
1.245	0.2694
1.071	0.08949
1.25	0.2738
1.209	0.2323
1.192	0.2149
1.163	0.1839
1.209	0.2327
1.07	0.08921
1.035	0.0554
1.154	0.1764
1.187	0.2095
1.194	0.2171
1.146	0.1674
1.227	0.2512
1.129	0.1501
1.295	0.3188
1.301	0.3259
1.443	0.474
1.217	0.24
1.276	0.3024
1.111	0.131
1.18	0.2016
1.249	0.273
1.425	0.4553
1.214	0.2383
1.289	0.3142
1.27	0.295
1.247	0.2708
1.067	0.08539
1.287	0.3105
1.166	0.1876
1.055	0.07493
1.183	0.2047
1.086	0.1049
1.286	0.3116
1.248	0.2727
1.242	0.2665
1.187	0.2096
1.231	0.2552
1.176	0.1976
1.197	0.2208
1.061	0.08056
1.159	0.1809
1.35	0.378
1.281	0.3059
1.171	0.192
1.173	0.1947
1.029	0.04929
1.415	0.4457
1.208	0.2308
1.04	0.05955
1.127	0.1479
1.255	0.2787
1.438	0.469
1.334	0.3613
1.147	0.1682
1.312	0.3373
1.16	0.1826
1.152	0.1741
0.9376	0.000776
1.495	0.5266
1.088	0.1071
1.269	0.2933
1.37	0.3974
1.106	0.1254
1.359	0.386
1.19	0.2128
1.398	0.426
1.275	0.3022
1.212	0.2349
1.33	0.3555
1.277	0.3011
1.337	0.3648
1.351	0.3793
1.22	0.2435
1.171	0.1923
1.326	0.3529
1.124	0.1457
1.294	0.3193
1.452	0.4827
1.292	0.3186
