0	0.04666
0.001	0.04655
0.002	0.04643
0.003	0.04632
0.004	0.04621
0.005	0.0461
0.006	0.04598
0.007	0.04587
0.008	0.04576
0.009	0.04565
0.01	0.04554
0.011	0.04542
0.012	0.04531
0.013	0.0452
0.014	0.04509
0.015	0.04498
0.016	0.04487
0.017	0.04476
0.018	0.04465
0.019	0.04453
0.02	0.04442
0.021	0.04431
0.022	0.0442
0.023	0.04409
0.024	0.04398
0.025	0.04387
0.026	0.04376
0.027	0.04365
0.028	0.04354
0.029	0.04343
0.03	0.04333
0.031	0.04322
0.032	0.04311
0.033	0.043
0.034	0.04289
0.035	0.04278
0.036	0.04267
0.037	0.04257
0.038	0.04246
0.039	0.04235
0.04	0.04224
0.041	0.04213
0.042	0.04203
0.043	0.04192
0.044	0.04181
0.045	0.0417
0.046	0.0416
0.047	0.04149
0.048	0.04138
0.049	0.04128
0.05	0.04117
0.051	0.04106
0.052	0.04096
0.053	0.04085
0.054	0.04075
0.055	0.04064
0.056	0.04053
0.057	0.04043
0.058	0.04032
0.059	0.04022
0.06	0.04011
0.061	0.04001
0.062	0.0399
0.063	0.0398
0.064	0.03969
0.065	0.03959
0.066	0.03949
0.067	0.03938
0.068	0.03928
0.069	0.03917
0.07	0.03907
0.071	0.03897
0.072	0.03886
0.073	0.03876
0.074	0.03866
0.075	0.03855
0.076	0.03845
0.077	0.03835
0.078	0.03825
0.079	0.03814
0.08	0.03804
0.081	0.03794
0.082	0.03784
0.083	0.03773
0.084	0.03763
0.085	0.03753
0.086	0.03743
0.087	0.03733
0.088	0.03723
0.089	0.03713
0.09	0.03703
0.091	0.03692
0.092	0.03682
0.093	0.03672
0.094	0.03662
0.095	0.03652
0.096	0.03642
0.097	0.03632
0.098	0.03622
0.099	0.03612
0.1	0.03602
0.101	0.03592
0.102	0.03582
0.103	0.03573
0.104	0.03563
0.105	0.03553
0.106	0.03543
0.107	0.03533
0.108	0.03523
0.109	0.03513
0.11	0.03504
0.111	0.03494
0.112	0.03484
0.113	0.03474
0.114	0.03464
0.115	0.03455
0.116	0.03445
0.117	0.03435
0.118	0.03425
0.119	0.03416
0.12	0.03406
0.121	0.03396
0.122	0.03387
0.123	0.03377
0.124	0.03367
0.125	0.03358
0.126	0.03348
0.127	0.03339
0.128	0.03329
0.129	0.0332
0.13	0.0331
0.131	0.033
0.132	0.03291
0.133	0.03281
0.134	0.03272
0.135	0.03262
0.136	0.03253
0.137	0.03244
0.138	0.03234
0.139	0.03225
0.14	0.03215
0.141	0.03206
0.142	0.03197
0.143	0.03187
0.144	0.03178
0.145	0.03168
0.146	0.03159
0.147	0.0315
0.148	0.03141
0.149	0.03131
0.15	0.03122
0.151	0.03113
0.152	0.03103
0.153	0.03094
0.154	0.03085
0.155	0.03076
0.156	0.03067
0.157	0.03057
0.158	0.03048
0.159	0.03039
0.16	0.0303
0.161	0.03021
0.162	0.03012
0.163	0.03003
0.164	0.02994
0.165	0.02985
0.166	0.02975
0.167	0.02966
0.168	0.02957
0.169	0.02948
0.17	0.02939
0.171	0.0293
0.172	0.02921
0.173	0.02912
0.174	0.02904
0.175	0.02895
0.176	0.02886
0.177	0.02877
0.178	0.02868
0.179	0.02859
0.18	0.0285
0.181	0.02841
0.182	0.02833
0.183	0.02824
0.184	0.02815
0.185	0.02806
0.186	0.02797
0.187	0.02789
0.188	0.0278
0.189	0.02771
0.19	0.02762
0.191	0.02754
0.192	0.02745
0.193	0.02736
0.194	0.02728
0.195	0.02719
0.196	0.0271
0.197	0.02702
0.198	0.02693
0.199	0.02684
0.2	0.02676
0.201	0.02667
0.202	0.02659
0.203	0.0265
0.204	0.02642
0.205	0.02633
0.206	0.02625
0.207	0.02616
0.208	0.02608
0.209	0.02599
0.21	0.02591
0.211	0.02582
0.212	0.02574
0.213	0.02566
0.214	0.02557
0.215	0.02549
0.216	0.0254
0.217	0.02532
0.218	0.02524
0.219	0.02515
0.22	0.02507
0.221	0.02499
0.222	0.0249
0.223	0.02482
0.224	0.02474
0.225	0.02466
0.226	0.02457
0.227	0.02449
0.228	0.02441
0.229	0.02433
0.23	0.02425
0.231	0.02417
0.232	0.02408
0.233	0.024
0.234	0.02392
0.235	0.02384
0.236	0.02376
0.237	0.02368
0.238	0.0236
0.239	0.02352
0.24	0.02344
0.241	0.02336
0.242	0.02328
0.243	0.0232
0.244	0.02312
0.245	0.02304
0.246	0.02296
0.247	0.02288
0.248	0.0228
0.249	0.02272
0.25	0.02264
0.251	0.02256
0.252	0.02248
0.253	0.02241
0.254	0.02233
0.255	0.02225
0.256	0.02217
0.257	0.02209
0.258	0.02201
0.259	0.02194
0.26	0.02186
0.261	0.02178
0.262	0.0217
0.263	0.02163
0.264	0.02155
0.265	0.02147
0.266	0.0214
0.267	0.02132
0.268	0.02124
0.269	0.02117
0.27	0.02109
0.271	0.02101
0.272	0.02094
0.273	0.02086
0.274	0.02079
0.275	0.02071
0.276	0.02064
0.277	0.02056
0.278	0.02049
0.279	0.02041
0.28	0.02034
0.281	0.02026
0.282	0.02019
0.283	0.02011
0.284	0.02004
0.285	0.01996
0.286	0.01989
0.287	0.01982
0.288	0.01974
0.289	0.01967
0.29	0.01959
0.291	0.01952
0.292	0.01945
0.293	0.01938
0.294	0.0193
0.295	0.01923
0.296	0.01916
0.297	0.01908
0.298	0.01901
0.299	0.01894
0.3	0.01887
0.301	0.0188
0.302	0.01872
0.303	0.01865
0.304	0.01858
0.305	0.01851
0.306	0.01844
0.307	0.01837
0.308	0.0183
0.309	0.01822
0.31	0.01815
0.311	0.01808
0.312	0.01801
0.313	0.01794
0.314	0.01787
0.315	0.0178
0.316	0.01773
0.317	0.01766
0.318	0.01759
0.319	0.01752
0.32	0.01745
0.321	0.01738
0.322	0.01732
0.323	0.01725
0.324	0.01718
0.325	0.01711
0.326	0.01704
0.327	0.01697
0.328	0.0169
0.329	0.01684
0.33	0.01677
0.331	0.0167
0.332	0.01663
0.333	0.01656
0.334	0.0165
0.335	0.01643
0.336	0.01636
0.337	0.0163
0.338	0.01623
0.339	0.01616
0.34	0.0161
0.341	0.01603
0.342	0.01596
0.343	0.0159
0.344	0.01583
0.345	0.01576
0.346	0.0157
0.347	0.01563
0.348	0.01557
0.349	0.0155
0.35	0.01544
0.351	0.01537
0.352	0.01531
0.353	0.01524
0.354	0.01518
0.355	0.01511
0.356	0.01505
0.357	0.01498
0.358	0.01492
0.359	0.01486
0.36	0.01479
0.361	0.01473
0.362	0.01466
0.363	0.0146
0.364	0.01454
0.365	0.01447
0.366	0.01441
0.367	0.01435
0.368	0.01429
0.369	0.01422
0.37	0.01416
0.371	0.0141
0.372	0.01404
0.373	0.01397
0.374	0.01391
0.375	0.01385
0.376	0.01379
0.377	0.01373
0.378	0.01367
0.379	0.0136
0.38	0.01354
0.381	0.01348
0.382	0.01342
0.383	0.01336
0.384	0.0133
0.385	0.01324
0.386	0.01318
0.387	0.01312
0.388	0.01306
0.389	0.013
0.39	0.01294
0.391	0.01288
0.392	0.01282
0.393	0.01276
0.394	0.0127
0.395	0.01264
0.396	0.01258
0.397	0.01252
0.398	0.01247
0.399	0.01241
0.4	0.01235
0.401	0.01229
0.402	0.01223
0.403	0.01217
0.404	0.01212
0.405	0.01206
0.406	0.012
0.407	0.01194
0.408	0.01189
0.409	0.01183
0.41	0.01177
0.411	0.01172
0.412	0.01166
0.413	0.0116
0.414	0.01155
0.415	0.01149
0.416	0.01143
0.417	0.01138
0.418	0.01132
0.419	0.01127
0.42	0.01121
0.421	0.01115
0.422	0.0111
0.423	0.01104
0.424	0.01099
0.425	0.01093
0.426	0.01088
0.427	0.01082
0.428	0.01077
0.429	0.01072
0.43	0.01066
0.431	0.01061
0.432	0.01055
0.433	0.0105
0.434	0.01045
0.435	0.01039
0.436	0.01034
0.437	0.01029
0.438	0.01023
0.439	0.01018
0.44	0.01013
0.441	0.01007
0.442	0.01002
0.443	0.009969
0.444	0.009916
0.445	0.009864
0.446	0.009812
0.447	0.00976
0.448	0.009708
0.449	0.009657
0.45	0.009605
0.451	0.009554
0.452	0.009503
0.453	0.009451
0.454	0.0094
0.455	0.00935
0.456	0.009299
0.457	0.009248
0.458	0.009198
0.459	0.009148
0.46	0.009098
0.461	0.009048
0.462	0.008998
0.463	0.008948
0.464	0.008898
0.465	0.008849
0.466	0.0088
0.467	0.00875
0.468	0.008701
0.469	0.008652
0.47	0.008604
0.471	0.008555
0.472	0.008507
0.473	0.008458
0.474	0.00841
0.475	0.008362
0.476	0.008314
0.477	0.008266
0.478	0.008218
0.479	0.008171
0.48	0.008123
0.481	0.008076
0.482	0.008029
0.483	0.007982
0.484	0.007935
0.485	0.007889
0.486	0.007842
0.487	0.007796
0.488	0.007749
0.489	0.007703
0.49	0.007657
0.491	0.007611
0.492	0.007565
0.493	0.00752
0.494	0.007474
0.495	0.007429
0.496	0.007384
0.497	0.007339
0.498	0.007294
0.499	0.007249
0.5	0.007204
0.501	0.00716
0.502	0.007115
0.503	0.007071
0.504	0.007027
0.505	0.006983
0.506	0.006939
0.507	0.006896
0.508	0.006852
0.509	0.006809
0.51	0.006765
0.511	0.006722
0.512	0.006679
0.513	0.006636
0.514	0.006594
0.515	0.006551
0.516	0.006509
0.517	0.006466
0.518	0.006424
0.519	0.006382
0.52	0.00634
0.521	0.006298
0.522	0.006257
0.523	0.006215
0.524	0.006174
0.525	0.006133
0.526	0.006092
0.527	0.006051
0.528	0.00601
0.529	0.005969
0.53	0.005929
0.531	0.005888
0.532	0.005848
0.533	0.005808
0.534	0.005768
0.535	0.005728
0.536	0.005688
0.537	0.005649
0.538	0.005609
0.539	0.00557
0.54	0.005531
0.541	0.005492
0.542	0.005453
0.543	0.005414
0.544	0.005376
0.545	0.005337
0.546	0.005299
0.547	0.005261
0.548	0.005223
0.549	0.005185
0.55	0.005147
0.551	0.005109
0.552	0.005072
0.553	0.005034
0.554	0.004997
0.555	0.00496
0.556	0.004923
0.557	0.004886
0.558	0.004849
0.559	0.004813
0.56	0.004777
0.561	0.00474
0.562	0.004704
0.563	0.004668
0.564	0.004632
0.565	0.004597
0.566	0.004561
0.567	0.004525
0.568	0.00449
0.569	0.004455
0.57	0.00442
0.571	0.004385
0.572	0.00435
0.573	0.004316
0.574	0.004281
0.575	0.004247
0.576	0.004213
0.577	0.004179
0.578	0.004145
0.579	0.004111
0.58	0.004077
0.581	0.004044
0.582	0.00401
0.583	0.003977
0.584	0.003944
0.585	0.003911
0.586	0.003878
0.587	0.003845
0.588	0.003813
0.589	0.00378
0.59	0.003748
0.591	0.003716
0.592	0.003684
0.593	0.003652
0.594	0.00362
0.595	0.003589
0.596	0.003557
0.597	0.003526
0.598	0.003495
0.599	0.003464
0.6	0.003433
0.601	0.003402
0.602	0.003371
0.603	0.003341
0.604	0.00331
0.605	0.00328
0.606	0.00325
0.607	0.00322
0.608	0.00319
0.609	0.00316
0.61	0.003131
0.611	0.003102
0.612	0.003072
0.613	0.003043
0.614	0.003014
0.615	0.002985
0.616	0.002957
0.617	0.002928
0.618	0.0029
0.619	0.002871
0.62	0.002843
0.621	0.002815
0.622	0.002787
0.623	0.002759
0.624	0.002732
0.625	0.002704
0.626	0.002677
0.627	0.00265
0.628	0.002623
0.629	0.002596
0.63	0.002569
0.631	0.002542
0.632	0.002516
0.633	0.002489
0.634	0.002463
0.635	0.002437
0.636	0.002411
0.637	0.002385
0.638	0.002359
0.639	0.002334
0.64	0.002308
0.641	0.002283
0.642	0.002258
0.643	0.002233
0.644	0.002208
0.645	0.002183
0.646	0.002159
0.647	0.002134
0.648	0.00211
0.649	0.002086
0.65	0.002062
0.651	0.002038
0.652	0.002014
0.653	0.00199
0.654	0.001967
0.655	0.001943
0.656	0.00192
0.657	0.001897
0.658	0.001874
0.659	0.001851
0.66	0.001829
0.661	0.001806
0.662	0.001784
0.663	0.001761
0.664	0.001739
0.665	0.001717
0.666	0.001695
0.667	0.001674
0.668	0.001652
0.669	0.001631
0.67	0.001609
0.671	0.001588
0.672	0.001567
0.673	0.001546
0.674	0.001526
0.675	0.001505
0.676	0.001484
0.677	0.001464
0.678	0.001444
0.679	0.001424
0.68	0.001404
0.681	0.001384
0.682	0.001364
0.683	0.001345
0.684	0.001326
0.685	0.001306
0.686	0.001287
0.687	0.001268
0.688	0.001249
0.689	0.001231
0.69	0.001212
0.691	0.001194
0.692	0.001175
0.693	0.001157
0.694	0.001139
0.695	0.001121
0.696	0.001104
0.697	0.001086
0.698	0.001069
0.699	0.001051
0.7	0.001034
0.701	0.001017
0.702	0.001
0.703	0.0009833
0.704	0.0009667
0.705	0.0009502
0.706	0.0009338
0.707	0.0009176
0.708	0.0009015
0.709	0.0008855
0.71	0.0008697
0.711	0.000854
0.712	0.0008385
0.713	0.0008231
0.714	0.0008078
0.715	0.0007927
0.716	0.0007777
0.717	0.0007628
0.718	0.0007481
0.719	0.0007336
0.72	0.0007191
0.721	0.0007048
0.722	0.0006906
0.723	0.0006766
0.724	0.0006627
0.725	0.000649
0.726	0.0006353
0.727	0.0006219
0.728	0.0006085
0.729	0.0005953
0.73	0.0005822
0.731	0.0005693
0.732	0.0005565
0.733	0.0005439
0.734	0.0005313
0.735	0.000519
0.736	0.0005067
0.737	0.0004946
0.738	0.0004826
0.739	0.0004708
0.74	0.0004591
0.741	0.0004476
0.742	0.0004361
0.743	0.0004248
0.744	0.0004137
0.745	0.0004027
0.746	0.0003918
0.747	0.0003811
0.748	0.0003705
0.749	0.00036
0.75	0.0003497
0.751	0.0003395
0.752	0.0003295
0.753	0.0003196
0.754	0.0003098
0.755	0.0003002
0.756	0.0002907
0.757	0.0002813
0.758	0.0002721
0.759	0.000263
0.76	0.000254
0.761	0.0002452
0.762	0.0002366
0.763	0.000228
0.764	0.0002196
0.765	0.0002114
0.766	0.0002032
0.767	0.0001952
0.768	0.0001874
0.769	0.0001797
0.77	0.0001721
0.771	0.0001647
0.772	0.0001574
0.773	0.0001502
0.774	0.0001432
0.775	0.0001363
0.776	0.0001295
0.777	0.0001229
0.778	0.0001164
0.779	0.0001101
0.78	0.0001039
0.781	9.783e-05
0.782	9.19e-05
0.783	8.611e-05
0.784	8.046e-05
0.785	7.494e-05
0.786	6.956e-05
0.787	6.432e-05
0.788	5.922e-05
0.789	5.425e-05
0.79	4.942e-05
0.791	4.473e-05
0.792	4.018e-05
0.793	3.576e-05
0.794	3.148e-05
0.795	2.734e-05
0.796	2.333e-05
0.797	1.946e-05
0.798	1.573e-05
0.799	1.214e-05
0.8	8.682e-06
0.801	5.363e-06
0.802	2.181e-06
0.803	-8.631e-07
0.804	-3.77e-06
0.805	-6.54e-06
0.806	-9.172e-06
0.807	-1.167e-05
0.808	-1.402e-05
0.809	-1.624e-05
0.81	-1.833e-05
0.811	-2.027e-05
0.812	-2.208e-05
0.813	-2.375e-05
0.814	-2.529e-05
0.815	-2.668e-05
0.816	-2.794e-05
0.817	-2.906e-05
0.818	-3.005e-05
0.819	-3.09e-05
0.82	-3.161e-05
0.821	-3.218e-05
0.822	-3.261e-05
0.823	-3.291e-05
0.824	-3.307e-05
0.825	-3.309e-05
0.826	-3.298e-05
0.827	-3.273e-05
0.828	-3.234e-05
0.829	-3.181e-05
0.83	-3.115e-05
0.831	-3.035e-05
0.832	-2.941e-05
0.833	-2.834e-05
0.834	-2.712e-05
0.835	-2.577e-05
0.836	-2.429e-05
0.837	-2.266e-05
0.838	-2.09e-05
0.839	-1.9e-05
0.84	-1.696e-05
0.841	-1.479e-05
0.842	-1.248e-05
0.843	-1.003e-05
0.844	-7.444e-06
0.845	-4.721e-06
0.846	-1.86e-06
0.847	1.138e-06
0.848	4.273e-06
0.849	7.545e-06
0.85	1.096e-05
0.851	1.45e-05
0.852	1.819e-05
0.853	2.201e-05
0.854	2.597e-05
0.855	3.006e-05
0.856	3.43e-05
0.857	3.867e-05
0.858	4.318e-05
0.859	4.782e-05
0.86	5.261e-05
0.861	5.753e-05
0.862	6.258e-05
0.863	6.778e-05
0.864	7.311e-05
0.865	7.858e-05
0.866	8.419e-05
0.867	8.993e-05
0.868	9.581e-05
0.869	0.0001018
0.87	0.000108
0.871	0.0001143
0.872	0.0001207
0.873	0.0001273
0.874	0.000134
0.875	0.0001408
0.876	0.0001478
0.877	0.0001549
0.878	0.0001622
0.879	0.0001696
0.88	0.0001771
0.881	0.0001848
0.882	0.0001926
0.883	0.0002005
0.884	0.0002086
0.885	0.0002168
0.886	0.0002252
0.887	0.0002337
0.888	0.0002423
0.889	0.000251
0.89	0.00026
0.891	0.000269
0.892	0.0002782
0.893	0.0002875
0.894	0.0002969
0.895	0.0003065
0.896	0.0003163
0.8966	0.0004567
0.8976	0.0004887
0.8986	0.000521
0.8996	0.0005535
0.9006	0.0005863
0.9016	0.0006193
0.9026	0.0006525
0.9036	0.0006859
0.9046	0.0007196
0.9056	0.0007535
0.9066	0.0007877
0.9076	0.000822
0.9086	0.0008566
0.9096	0.0008914
0.9106	0.0009265
0.9116	0.0009618
0.9126	0.0009973
0.9136	0.001033
0.9146	0.001069
0.9156	0.001105
0.9166	0.001142
0.9176	0.001178
0.9186	0.001215
0.9196	0.001252
0.9197	0.001061
0.9207	0.001103
0.9217	0.001147
0.9227	0.001192
0.9237	0.001238
0.9247	0.001286
0.9257	0.001335
0.9267	0.001386
0.9277	0.001438
0.9287	0.001491
0.9297	0.001546
0.9307	0.001603
0.9317	0.00166
0.9327	0.00172
0.9337	0.00178
0.9347	0.001842
0.9357	0.001906
0.9357	0.001621
0.9367	0.001683
0.9377	0.001749
0.9387	0.001819
0.9397	0.001892
0.9407	0.00197
0.9417	0.002051
0.9427	0.002137
0.9437	0.002226
0.9447	0.002319
0.9457	0.002416
0.9467	0.002517
0.9477	0.002622
0.9485	0.002966
0.9495	0.003066
0.9505	0.003169
0.9515	0.003273
0.9525	0.00338
0.9535	0.003489
0.9545	0.003599
0.9555	0.003712
0.9565	0.003827
0.9575	0.003944
0.9585	0.004063
0.9595	0.004184
0.9595	0.004115
0.9605	0.004242
0.9615	0.004372
0.9625	0.004505
0.9635	0.004641
0.9645	0.00478
0.9655	0.004922
0.9665	0.005067
0.9675	0.005215
0.9685	0.005367
0.9695	0.005521
0.9697	0.00561
0.9707	0.005767
0.9717	0.005927
0.9727	0.00609
0.9737	0.006256
0.9747	0.006426
0.9757	0.006599
0.9767	0.006775
0.9777	0.006955
0.9787	0.007137
0.9792	0.007386
0.9802	0.007591
0.9812	0.007802
0.9822	0.008019
0.9832	0.008241
0.9842	0.00847
0.9852	0.008704
0.9862	0.008944
0.9872	0.009189
0.9882	0.009441
0.9884	0.009251
0.9894	0.009498
0.9904	0.00975
0.9914	0.01001
0.9924	0.01027
0.9934	0.01054
0.9944	0.01081
0.9954	0.01109
0.9964	0.01138
0.9971	0.01197
0.9981	0.01226
0.9991	0.01255
1	0.01285
1.001	0.01315
1.002	0.01346
1.003	0.01377
1.004	0.01409
1.005	0.01441
1.006	0.01439
1.007	0.01472
1.008	0.01505
1.009	0.01538
1.01	0.01573
1.011	0.01607
1.012	0.01643
1.013	0.01679
1.014	0.01716
1.015	0.01699
1.016	0.01737
1.017	0.01777
1.018	0.01817
1.019	0.01858
1.02	0.019
1.021	0.01942
1.022	0.01985
1.023	0.02029
1.024	0.02074
1.024	0.0215
1.025	0.02192
1.026	0.02235
1.027	0.02278
1.028	0.02321
1.029	0.02365
1.03	0.02409
1.031	0.02454
1.032	0.02499
1.033	0.02544
1.033	0.02526
1.034	0.02572
1.035	0.02618
1.036	0.02665
1.037	0.02713
1.038	0.02762
1.039	0.02811
1.04	0.02861
1.041	0.02911
1.042	0.02962
1.043	0.03014
1.044	0.03023
1.045	0.03077
1.046	0.03132
1.047	0.03187
1.048	0.03243
1.049	0.033
1.05	0.03357
1.051	0.03415
1.052	0.03473
1.053	0.03532
1.054	0.03592
1.055	0.03652
1.055	0.0365
1.056	0.03708
1.057	0.03768
1.058	0.03828
1.059	0.03889
1.06	0.03952
1.061	0.04016
1.062	0.04081
1.063	0.04146
1.064	0.04214
1.065	0.04282
1.066	0.04351
1.067	0.04421
1.067	0.04494
1.068	0.04556
1.069	0.04618
1.07	0.04681
1.071	0.04743
1.072	0.04806
1.073	0.04869
1.074	0.04932
1.075	0.04995
1.076	0.05058
1.077	0.05121
1.078	0.05185
1.079	0.05248
1.08	0.05312
1.081	0.05376
1.082	0.0546
1.083	0.05533
1.084	0.05607
1.085	0.05681
1.086	0.05755
1.087	0.05829
1.088	0.05904
1.089	0.05978
1.09	0.06054
1.091	0.06129
1.092	0.06205
1.093	0.06281
1.094	0.06357
1.095	0.06434
1.096	0.06511
1.097	0.06588
1.098	0.06665
1.099	0.06743
1.1	0.06821
1.101	0.0692
1.102	0.06994
1.103	0.07069
1.104	0.07144
1.105	0.0722
1.106	0.07297
1.107	0.07374
1.108	0.07452
1.109	0.0753
1.11	0.0761
1.111	0.0769
1.112	0.07771
1.113	0.07852
1.114	0.07934
1.115	0.08017
1.116	0.081
1.117	0.08184
1.118	0.08269
1.119	0.08355
1.12	0.08441
1.121	0.08528
1.122	0.08616
1.123	0.08704
1.124	0.08793
1.125	0.08883
1.126	0.08973
1.127	0.09064
1.128	0.09156
1.129	0.09248
1.129	0.09255
1.13	0.09348
1.131	0.09441
1.132	0.09534
1.133	0.09627
1.134	0.0972
1.135	0.09813
1.136	0.09907
1.137	0.1
1.138	0.1009
1.139	0.1019
1.14	0.1028
1.141	0.1037
1.142	0.1047
1.143	0.1056
1.144	0.1066
1.145	0.1075
1.146	0.1084
1.147	0.1094
1.148	0.1103
1.149	0.1113
1.15	0.1122
1.151	0.1132
1.152	0.1141
1.153	0.115
1.154	0.116
1.155	0.1169
1.156	0.1179
1.157	0.1188
1.158	0.1198
1.159	0.1207
1.16	0.1217
1.161	0.1226
1.162	0.1236
1.163	0.1245
1.164	0.1255
1.165	0.1265
1.166	0.1274
1.167	0.1284
1.168	0.1293
1.169	0.1303
1.17	0.1312
1.171	0.1322
1.172	0.1332
1.173	0.1341
1.174	0.1351
1.175	0.136
1.176	0.137
1.177	0.138
1.178	0.1389
1.179	0.1399
1.18	0.1409
1.181	0.1418
1.182	0.1428
1.183	0.1438
1.184	0.1447
1.185	0.1457
1.186	0.1467
1.187	0.1477
1.188	0.1486
1.189	0.1496
1.19	0.1506
1.191	0.1515
1.192	0.1525
1.193	0.1535
1.194	0.1545
1.195	0.1554
1.196	0.1564
1.197	0.1574
1.198	0.1584
1.199	0.1594
1.2	0.1603
1.201	0.1613
1.202	0.1623
1.203	0.1633
1.204	0.1643
1.205	0.1653
1.206	0.1662
1.207	0.1672
1.208	0.1682
1.209	0.1692
1.21	0.1702
1.211	0.1712
1.212	0.1722
1.213	0.1732
1.214	0.1741
1.215	0.1751
1.216	0.1761
1.217	0.1771
1.218	0.1781
1.219	0.1791
1.22	0.1801
1.221	0.1811
1.222	0.1821
1.223	0.1831
1.224	0.1841
1.225	0.1851
1.226	0.1861
1.227	0.1871
1.228	0.1881
1.229	0.1891
1.23	0.1901
1.231	0.1911
1.232	0.1921
1.233	0.1931
1.234	0.1941
1.235	0.1951
1.236	0.1961
1.237	0.1971
1.238	0.1982
1.239	0.1992
1.24	0.2002
1.241	0.2012
1.242	0.2022
1.243	0.2032
1.244	0.2042
1.245	0.2052
1.246	0.2063
1.247	0.2073
1.248	0.2083
1.249	0.2093
1.25	0.2103
1.251	0.2113
1.252	0.2124
1.253	0.2134
1.254	0.2144
1.255	0.2154
1.256	0.2164
1.257	0.2175
1.258	0.2185
1.259	0.2195
1.26	0.2205
1.261	0.2216
1.262	0.2226
1.263	0.2236
1.264	0.2246
1.265	0.2257
1.266	0.2267
1.267	0.2277
1.268	0.2288
1.269	0.2298
1.27	0.2308
1.271	0.2319
1.272	0.2329
1.273	0.2339
1.274	0.235
1.275	0.236
1.276	0.237
1.277	0.2381
1.278	0.2391
1.279	0.2402
1.28	0.2412
1.281	0.2422
1.282	0.2433
1.283	0.2443
1.284	0.2454
1.285	0.2464
1.286	0.2474
1.287	0.2485
1.288	0.2495
1.289	0.2506
1.29	0.2516
1.291	0.2527
1.292	0.2537
1.293	0.2548
1.294	0.2558
1.295	0.2569
1.296	0.2579
1.297	0.259
1.298	0.26
1.299	0.2611
1.3	0.2621
1.301	0.2632
1.302	0.2643
1.303	0.2653
1.304	0.2664
1.305	0.2674
1.306	0.2685
1.307	0.2695
1.308	0.2706
1.309	0.2717
1.31	0.2727
1.311	0.2738
1.312	0.2749
1.313	0.2759
1.314	0.277
1.315	0.2781
1.316	0.2791
1.317	0.2802
1.318	0.2813
1.319	0.2823
1.32	0.2834
1.321	0.2845
1.322	0.2855
1.323	0.2866
1.324	0.2877
1.325	0.2887
1.326	0.2898
1.327	0.2909
1.328	0.292
1.329	0.293
1.33	0.2941
1.331	0.2952
1.332	0.2963
1.333	0.2974
1.334	0.2984
1.335	0.2995
1.336	0.3006
1.337	0.3017
1.338	0.3028
1.339	0.3038
1.34	0.3049
1.341	0.306
1.342	0.3071
1.343	0.3082
1.344	0.3093
1.345	0.3104
1.346	0.3115
1.347	0.3125
1.348	0.3136
1.349	0.3147
1.35	0.3158
1.351	0.3169
1.352	0.318
1.353	0.3191
1.354	0.3202
1.355	0.3213
1.356	0.3224
1.357	0.3235
1.358	0.3246
1.359	0.3257
1.36	0.3268
1.361	0.3279
1.362	0.329
1.363	0.3301
1.364	0.3312
1.365	0.3323
1.366	0.3334
1.367	0.3345
1.368	0.3356
1.369	0.3367
1.37	0.3378
1.371	0.3389
1.372	0.34
1.373	0.3411
1.374	0.3422
1.375	0.3433
1.376	0.3445
1.377	0.3456
1.378	0.3467
1.379	0.3478
1.38	0.3489
1.381	0.35
1.382	0.3511
1.383	0.3523
1.384	0.3534
1.385	0.3545
1.386	0.3556
1.387	0.3567
1.388	0.3578
1.389	0.359
1.39	0.3601
1.391	0.3612
1.392	0.3623
1.393	0.3635
1.394	0.3646
1.395	0.3657
1.396	0.3668
1.397	0.368
1.398	0.3691
1.399	0.3702
1.4	0.3713
1.401	0.3725
1.402	0.3736
1.403	0.3747
1.404	0.3759
1.405	0.377
1.406	0.3781
1.407	0.3793
1.408	0.3804
1.409	0.3815
1.41	0.3827
1.411	0.3838
1.412	0.3849
1.413	0.3861
1.414	0.3872
1.415	0.3883
1.416	0.3895
1.417	0.3906
1.418	0.3918
1.419	0.3929
1.42	0.3941
1.421	0.3952
1.422	0.3963
1.423	0.3975
1.424	0.3986
1.425	0.3998
1.426	0.4009
1.427	0.4021
1.428	0.4032
1.429	0.4044
1.43	0.4055
1.431	0.4067
1.432	0.4078
1.433	0.409
1.434	0.4101
1.435	0.4113
1.436	0.4125
1.437	0.4136
1.438	0.4148
1.439	0.4159
1.44	0.4171
1.441	0.4182
1.442	0.4194
1.443	0.4206
1.444	0.4217
1.445	0.4229
1.446	0.424
1.447	0.4252
1.448	0.4264
1.449	0.4275
1.45	0.4287
1.451	0.4299
1.452	0.431
1.453	0.4322
1.454	0.4334
1.455	0.4345
1.456	0.4357
1.457	0.4369
1.458	0.438
1.459	0.4392
1.46	0.4404
1.461	0.4416
1.462	0.4427
1.463	0.4439
1.464	0.4451
1.465	0.4463
1.466	0.4474
1.467	0.4486
1.468	0.4498
1.469	0.451
1.47	0.4522
1.471	0.4533
1.472	0.4545
1.473	0.4557
1.474	0.4569
1.475	0.4581
1.476	0.4593
1.477	0.4604
1.478	0.4616
1.479	0.4628
1.48	0.464
1.481	0.4652
1.482	0.4664
1.483	0.4676
1.484	0.4688
1.485	0.47
1.486	0.4711
1.487	0.4723
1.488	0.4735
1.489	0.4747
1.49	0.4759
1.491	0.4771
1.492	0.4783
1.493	0.4795
1.494	0.4807
1.495	0.4819
1.496	0.4831
1.497	0.4843
1.498	0.4855
1.499	0.4867
1.5	0.4879
1.501	0.4891
1.502	0.4903
1.503	0.4915
1.504	0.4927
1.505	0.4939
1.506	0.4951
1.507	0.4963
1.508	0.4976
1.509	0.4988
1.51	0.5
1.511	0.5012
1.512	0.5024
1.513	0.5036
1.514	0.5048
1.515	0.506
1.516	0.5072
1.517	0.5085
1.518	0.5097
1.519	0.5109
1.52	0.5121
1.521	0.5133
1.522	0.5145
1.523	0.5158
1.524	0.517
1.525	0.5182
1.526	0.5194
1.527	0.5207
1.528	0.5219
1.529	0.5231
1.53	0.5243
1.531	0.5256
1.532	0.5268
1.533	0.528
1.534	0.5292
1.535	0.5305
1.536	0.5317
1.537	0.5329
1.538	0.5341
1.539	0.5354
1.54	0.5366
1.541	0.5378
1.542	0.5391
1.543	0.5403
1.544	0.5415
1.545	0.5428
1.546	0.544
1.547	0.5453
1.548	0.5465
1.549	0.5477
1.55	0.549
1.551	0.5502
1.552	0.5515
1.553	0.5527
1.554	0.5539
1.555	0.5552
1.556	0.5564
1.557	0.5577
1.558	0.5589
1.559	0.5602
1.56	0.5614
1.561	0.5627
1.562	0.5639
1.563	0.5651
1.564	0.5664
1.565	0.5676
1.566	0.5689
1.567	0.5702
1.568	0.5714
1.569	0.5727
1.57	0.5739
1.571	0.5752
1.572	0.5764
1.573	0.5777
1.574	0.5789
1.575	0.5802
1.576	0.5815
1.577	0.5827
1.578	0.584
1.579	0.5852
1.58	0.5865
1.581	0.5878
1.582	0.589
1.583	0.5903
1.584	0.5915
1.585	0.5928
1.586	0.5941
1.587	0.5953
1.588	0.5966
1.589	0.5979
1.59	0.5991
1.591	0.6004
1.592	0.6017
1.593	0.603
1.594	0.6042
1.595	0.6055
1.596	0.6068
1.597	0.608
1.598	0.6093
1.599	0.6106
1.6	0.6119
1.601	0.6132
1.602	0.6144
1.603	0.6157
1.604	0.617
1.605	0.6183
1.606	0.6195
1.607	0.6208
1.608	0.6221
1.609	0.6234
1.61	0.6247
1.611	0.626
1.612	0.6272
1.613	0.6285
1.614	0.6298
1.615	0.6311
1.616	0.6324
1.617	0.6337
1.618	0.635
1.619	0.6363
1.62	0.6376
1.621	0.6388
1.622	0.6401
1.623	0.6414
1.624	0.6427
1.625	0.644
1.626	0.6453
1.627	0.6466
1.628	0.6479
1.629	0.6492
1.63	0.6505
1.631	0.6518
1.632	0.6531
1.633	0.6544
1.634	0.6557
1.635	0.657
1.636	0.6583
1.637	0.6596
1.638	0.6609
1.639	0.6622
1.64	0.6635
1.641	0.6648
1.642	0.6661
1.643	0.6675
1.644	0.6688
1.645	0.6701
1.646	0.6714
1.647	0.6727
1.648	0.674
1.649	0.6753
1.65	0.6766
1.651	0.6779
1.652	0.6793
1.653	0.6806
1.654	0.6819
1.655	0.6832
1.656	0.6845
1.657	0.6858
1.658	0.6872
1.659	0.6885
1.66	0.6898
1.661	0.6911
1.662	0.6924
1.663	0.6938
1.664	0.6951
1.665	0.6964
1.666	0.6977
1.667	0.6991
1.668	0.7004
1.669	0.7017
1.67	0.703
1.671	0.7044
1.672	0.7057
1.673	0.707
1.674	0.7084
1.675	0.7097
1.676	0.711
1.677	0.7124
1.678	0.7137
1.679	0.715
1.68	0.7164
1.681	0.7177
1.682	0.719
1.683	0.7204
1.684	0.7217
1.685	0.7231
1.686	0.7244
1.687	0.7257
1.688	0.7271
1.689	0.7284
1.69	0.7298
1.691	0.7311
1.692	0.7324
1.693	0.7338
1.694	0.7351
1.695	0.7365
1.696	0.7378
1.697	0.7392
1.698	0.7405
1.699	0.7419
1.7	0.7432
1.701	0.7446
1.702	0.7459
1.703	0.7473
1.704	0.7486
1.705	0.75
1.706	0.7513
1.707	0.7527
1.708	0.7541
1.709	0.7554
1.71	0.7568
1.711	0.7581
1.712	0.7595
1.713	0.7608
1.714	0.7622
1.715	0.7636
1.716	0.7649
1.717	0.7663
1.718	0.7677
1.719	0.769
1.72	0.7704
1.721	0.7718
1.722	0.7731
1.723	0.7745
1.724	0.7759
1.725	0.7772
1.726	0.7786
1.727	0.78
1.728	0.7813
1.729	0.7827
1.73	0.7841
1.731	0.7854
1.732	0.7868
1.733	0.7882
1.734	0.7896
1.735	0.7909
1.736	0.7923
1.737	0.7937
1.738	0.7951
1.739	0.7965
1.74	0.7978
1.741	0.7992
1.742	0.8006
1.743	0.802
1.744	0.8034
1.745	0.8047
1.746	0.8061
1.747	0.8075
1.748	0.8089
1.749	0.8103
1.75	0.8117
1.751	0.8131
1.752	0.8145
1.753	0.8158
1.754	0.8172
1.755	0.8186
1.756	0.82
1.757	0.8214
1.758	0.8228
1.759	0.8242
1.76	0.8256
1.761	0.827
1.762	0.8284
1.763	0.8298
1.764	0.8312
1.765	0.8326
1.766	0.834
1.767	0.8354
1.768	0.8368
1.769	0.8382
1.77	0.8396
1.771	0.841
1.772	0.8424
1.773	0.8438
1.774	0.8452
1.775	0.8466
1.776	0.848
1.777	0.8494
1.778	0.8508
1.779	0.8522
1.78	0.8536
1.781	0.855
1.782	0.8564
1.783	0.8579
1.784	0.8593
1.785	0.8607
1.786	0.8621
1.787	0.8635
1.788	0.8649
1.789	0.8663
1.79	0.8678
1.791	0.8692
1.792	0.8706
1.793	0.872
1.794	0.8734
1.795	0.8749
1.796	0.8763
1.797	0.8777
1.798	0.8791
1.799	0.8805
1.8	0.882
1.801	0.8834
1.802	0.8848
1.803	0.8862
1.804	0.8877
1.805	0.8891
1.806	0.8905
1.807	0.892
1.808	0.8934
1.809	0.8948
1.81	0.8962
1.811	0.8977
1.812	0.8991
1.813	0.9005
1.814	0.902
1.815	0.9034
1.816	0.9049
1.817	0.9063
1.818	0.9077
1.819	0.9092
1.82	0.9106
1.821	0.912
1.822	0.9135
1.823	0.9149
1.824	0.9164
1.825	0.9178
1.826	0.9192
1.827	0.9207
1.828	0.9221
1.829	0.9236
1.83	0.925
1.831	0.9265
1.832	0.9279
1.833	0.9294
1.834	0.9308
1.835	0.9323
1.836	0.9337
1.837	0.9352
1.838	0.9366
1.839	0.9381
1.84	0.9395
1.841	0.941
1.842	0.9424
1.843	0.9439
1.844	0.9454
1.845	0.9468
1.846	0.9483
1.847	0.9497
1.848	0.9512
1.849	0.9526
1.85	0.9541
1.851	0.9556
1.852	0.957
1.853	0.9585
1.854	0.96
1.855	0.9614
1.856	0.9629
1.857	0.9644
1.858	0.9658
1.859	0.9673
1.86	0.9688
1.861	0.9702
1.862	0.9717
1.863	0.9732
1.864	0.9746
1.865	0.9761
1.866	0.9776
1.867	0.9791
1.868	0.9805
1.869	0.982
1.87	0.9835
1.871	0.985
1.872	0.9864
1.873	0.9879
1.874	0.9894
1.875	0.9909
1.876	0.9923
1.877	0.9938
1.878	0.9953
1.879	0.9968
1.88	0.9983
1.881	0.9998
1.882	1.001
1.883	1.003
1.884	1.004
1.885	1.006
1.886	1.007
1.887	1.009
1.888	1.01
1.889	1.012
1.89	1.013
1.891	1.015
1.892	1.016
1.893	1.018
1.894	1.019
1.895	1.021
1.896	1.022
1.897	1.024
1.898	1.025
1.899	1.027
1.9	1.028
1.901	1.03
1.902	1.031
1.903	1.033
1.904	1.034
1.905	1.036
1.906	1.037
1.907	1.039
1.908	1.04
1.909	1.042
1.91	1.043
1.911	1.045
1.912	1.046
1.913	1.048
1.914	1.049
1.915	1.051
1.916	1.052
1.917	1.054
1.918	1.055
1.919	1.057
1.92	1.058
1.921	1.06
1.922	1.061
1.923	1.063
1.924	1.064
1.925	1.066
1.926	1.067
1.927	1.069
1.928	1.07
1.929	1.072
1.93	1.073
1.931	1.075
1.932	1.076
1.933	1.078
1.934	1.079
1.935	1.081
1.936	1.083
1.937	1.084
1.938	1.086
1.939	1.087
1.94	1.089
1.941	1.09
1.942	1.092
1.943	1.093
1.944	1.095
1.945	1.096
1.946	1.098
1.947	1.099
1.948	1.101
1.949	1.102
1.95	1.104
1.951	1.105
1.952	1.107
1.953	1.109
1.954	1.11
1.955	1.112
1.956	1.113
1.957	1.115
1.958	1.116
1.959	1.118
1.96	1.119
1.961	1.121
1.962	1.122
1.963	1.124
1.964	1.125
1.965	1.127
1.966	1.129
1.967	1.13
1.968	1.132
1.969	1.133
1.97	1.135
1.971	1.136
1.972	1.138
1.973	1.139
1.974	1.141
1.975	1.143
1.976	1.144
1.977	1.146
1.978	1.147
1.979	1.149
1.98	1.15
1.981	1.152
1.982	1.153
1.983	1.155
1.984	1.157
1.985	1.158
1.986	1.16
1.987	1.161
1.988	1.163
1.989	1.164
1.99	1.166
1.991	1.167
1.992	1.169
1.993	1.171
1.994	1.172
1.995	1.174
1.996	1.175
1.997	1.177
1.998	1.178
1.999	1.18
2	1.182
