1.3651
1.3659
1.3707
1.3663
1.3664
1.3694
1.3818
1.3794
1.3794
1.3729
1.365
1.3651
1.3591
1.3476
1.3405
1.3454
1.3476
1.3508
1.3493
1.3574
1.3615
1.3658
1.3664
1.3631
1.361
1.3705
1.3632
1.358
1.3588
1.3669
1.3696
1.3795
1.3824
1.3885
1.3897
1.386
1.3877
1.3867
1.3975
1.403
1.4049
1.4113
1.4106
1.4127
1.418
1.4179
1.4232
1.4165
1.4195
1.4109
1.4136
1.4089
1.4037
1.4146
1.4199
1.4173
1.4226
1.415
1.42
1.4299
1.4288
1.4166
1.4254
1.423
1.4309
1.4384
1.4391
1.4407
1.4447
1.4423
1.4479
1.4488
1.4547
1.4722
1.4666
1.4683
1.4579
1.4607
1.47
1.4639
1.4651
1.4654
1.4785
1.4814
1.4829
1.4809
1.4845
1.4874
1.4747
1.4738
1.4761
1.4666
1.4741
1.472
1.4554
1.4649
1.4718
1.4672
1.4675
1.4683
1.4509
1.4393
1.4416
1.4385
1.4349
1.438
1.4398
1.4516
1.4692
1.4721
1.4688
1.4753
1.4727
1.4723
1.4705
1.468
1.4662
1.4792
1.4895
1.4886
1.4792
1.4691
1.4674
1.4482
1.4494
1.4574
1.4663
1.4705
1.4755
1.4773
1.481
1.487
1.4889
1.4829
1.4688
1.4621
1.4569
1.4513
1.4542
1.4538
1.4586
1.4626
1.4674
1.4636
1.4742
1.4656
1.4736
1.4848
1.4817
1.4874
1.5044
1.5121
1.5167
1.5203
1.5206
1.5196
1.5319
1.5417
1.534
1.5379
1.5477
1.5577
1.5561
1.577
1.5771
1.5692
1.5423
1.5569
1.571
1.5786
1.5796
1.5812
1.566
1.5632
1.5526
1.5722
1.5693
1.5694
1.5726
1.5875
1.5833
1.5869
1.5828
1.5928
1.5872
1.578
1.5898
1.5931
1.594
1.5769
1.5596
1.5628
1.5571
1.554
1.5458
1.546
1.5528
1.543
1.5347
1.5458
1.543
1.5473
1.5439
1.5474
1.5498
1.5577
1.5639
1.5753
1.5755
1.5742
1.5761
1.576
1.5656
1.5551
1.5508
1.5521
1.5593
1.5466
1.5402
1.5597
1.5784
1.5526
1.5515
1.5417
1.5336
1.5459
1.5477
1.5493
1.5481
1.561
1.5521
1.5568
1.5599
1.5731
1.5748
1.5764
1.5775
1.5806
1.5885
1.5671
1.5651
1.5687
1.5715
1.5708
1.5835
1.5847
1.599
1.5888
1.5849
1.5816
1.5858
1.5919
1.5741
1.5677
1.5734
1.5746
1.5705
1.5589
1.5611
1.5574
1.5566
1.5487
1.5478
1.5471
1.5074
1.5012
1.4907
1.4903
1.4907
1.4729
1.4704
1.4677
1.4734
1.4814
1.4808
1.4767
1.4598
1.4767
1.4771
1.4735
1.4621
1.4516
1.4441
1.4488
1.4247
1.4214
1.4144
1.4094
1.3934
1.4066
1.4151
1.4267
1.4224
1.4502
1.4236
1.4571
1.4731
1.469
1.47
1.464
1.4349
1.4303
1.4081
1.3903
1.3834
1.3634
1.3632
1.3731
1.3682
1.3579
1.3639
1.3752
1.3625
1.3507
1.3404
1.3424
1.3184
1.2843
1.281
1.2596
1.246
1.2526
1.277
1.3035
1.2757
1.2822
1.282
1.287
1.277
1.2756
1.2891
1.2747
1.253
1.2525
1.2675
1.266
1.2653
1.2634
1.2542
1.2602
1.2773
1.2811
1.2935
1.29
1.2727
1.2608
1.2697
1.2623
1.262
1.2665
1.2854
1.2838
1.2925
1.3215
1.334
1.351
1.369
1.4059
1.4616
1.394
1.397
1.3978
1.4005
1.427
1.4098
1.3917
1.3866
1.3582
1.3332
1.3595
1.3617
1.3684
1.3394
1.3262
1.3173
1.3085
1.327
1.3182
1.293
1.291
1.2984
1.2795
1.299
1.3174
1.326
1.3111
1.2816
1.276
1.2849
1.2818
1.2829
1.2796
1.3008
1.2967
1.2938
1.2833
1.2823
1.2765
1.2634
1.2596
1.2705
1.2591
1.2798
1.2763
1.2795
1.2782
1.2644
1.2596
1.2615
1.2555
1.2555
1.2658
1.2565
1.2783
1.2786
1.2782
1.2905
1.3042
1.2942
1.313
1.3671
1.3549
1.3558
1.3507
1.3494
1.3607
1.3295
1.3193
1.3308
1.3246
1.3392
1.3425
1.3496
1.3255
1.3231
1.3273
1.3276
1.3173
1.3196
1.3058
1.2966
1.2932
1.2947
1.305
1.3232
1.3125
1.2992
1.3266
1.3275
1.3223
1.3403
1.3322
1.3363
1.3425
1.3574
1.3683
1.3623
1.3563
1.3518
1.3494
1.3612
1.369
1.3771
1.3972
1.401
1.3908
1.3901
1.3856
1.4098
1.422
1.4238
1.4207
1.4095
1.4177
1.3866
1.3959
1.4102
1.3969
1.4004
1.385
1.389
1.384
1.392
1.3932
1.3858
1.3978
1.4029
1.394
1.4096
1.4058
1.4134
1.4096
1.4049
1.4009
1.3897
1.4019
1.3901
1.399
1.3901
1.3975
1.3991
1.4089
1.413
1.409
1.4217
1.4223
1.4191
1.4229
1.4227
1.4269
1.4229
1.4104
1.4053
1.4138
1.4303
1.4384
1.441
1.437
1.4357
1.4202
1.4166
1.417
1.4293
1.4294
1.4072
1.4101
1.4112
1.4243
1.433
1.4323
1.4324
1.427
1.4268
1.4364
1.4272
1.4314
1.422
1.4335
1.4262
1.433
1.4473
1.4522
1.4545
1.4594
1.4561
1.4611
1.4671
1.4712
1.4705
1.4658
1.478
1.4783
1.4768
1.467
1.465
1.4549
1.4643
1.4539
1.4537
1.4616
1.4722
1.4694
1.4763
1.475
1.4765
1.4864
1.4881
1.4864
1.4869
1.4918
1.4971
1.4921
1.5
1.502
1.5019
1.4874
1.4785
1.4788
1.48
1.4772
1.4658
1.4761
1.4867
1.4862
1.4984
1.4966
1.5037
1.4922
1.4868
1.4965
1.4875
1.4957
1.4863
1.4815
1.4968
1.4969
1.5083
1.5071
1.4918
1.5023
1.5074
1.509
1.512
1.5068
1.4787
1.4774
1.4768
1.473
1.4757
1.4647
1.4541
1.456
1.4343
1.4337
1.4368
1.4279
1.4276
1.4398
1.4405
1.4433
1.4338
1.4406
1.4389
1.4442
1.435
1.4304
1.4273
1.4528
1.4481
1.4563
1.4486
1.4374
1.4369
1.4279
1.4132
1.4064
1.4135
1.4151
1.4085
1.4072
1.3999
1.3966
1.3913
1.3937
1.3984
1.3847
1.3691
1.3675
1.376
1.374
1.3718
1.3572
1.3607
1.3649
1.3726
1.3567
1.3519
1.3626
1.3577
1.3547
1.3489
1.357
1.3525
1.3548
1.3641
1.3668
1.3582
1.3662
1.3557
1.361
1.3657
1.3765
1.3705
1.3723
1.3756
1.366
1.3548
1.3471
1.3519
1.3338
1.3356
1.3353
1.3471
1.3482
1.3479
1.3468
1.3396
1.334
1.3296
1.3384
1.3585
1.3583
1.3615
1.3544
1.3535
1.3432
1.3486
1.3373
1.3339
1.3311
1.3321
1.329
1.3245
1.3256
1.3315
1.3238
1.3089
1.2924
1.2727
1.2746
1.2969
1.2698
1.2686
1.2587
1.2492
1.2349
1.2428
1.227
1.2334
1.2497
1.236
1.2223
1.2309
1.2255
1.2384
1.2307
1.2155
1.2218
1.2268
1.206
1.1959
1.1942
1.201
1.2045
1.2127
1.2249
1.2258
1.2277
1.2363
1.2372
1.2391
1.2258
1.2271
1.2262
1.2294
1.2339
1.2198
1.2271
1.2328
1.2548
1.2531
1.2579
1.2567
1.266
1.2637
1.2572
1.2569
1.2703
1.2828
1.3
1.2957
1.2844
1.2817
1.285
1.2897
1.2931
1.3033
1.2992
1.3069
1.3028
1.3073
1.3221
1.3206
1.3184
1.3176
1.3253
1.3133
1.3016
1.279
1.2799
1.282
1.286
1.288
1.2836
1.2711
1.2704
1.2611
1.2613
1.2693
1.2713
1.27
1.268
1.28
1.2818
1.2834
1.2874
1.2744
1.2697
1.2715
1.2725
1.2801
1.285
1.2989
1.3078
1.306
1.3074
1.312
1.3364
1.3323
1.3412
1.3477
1.346
1.3611
1.3648
1.3726
1.3705
1.378
1.3856
1.397
1.3874
1.3936
1.3833
1.3958
1.4101
1.4089
1.3896
1.3859
1.3861
1.4016
1.3934
1.4031
1.3912
1.3803
1.3857
1.3857
1.3926
1.4018
1.4014
1.4244
1.4084
1.3917
1.3945
1.377
1.37
1.3711
1.3626
1.3612
1.3481
1.3647
1.3674
1.3647
1.3496
1.3339
1.3321
1.3225
1.3146
1.2998
1.3115
1.3155
1.3246
1.328
1.3363
1.32
1.3214
1.3244
1.3267
1.3435
1.336
1.3238
1.326
1.3147
1.3155
1.3112
1.3064
1.3099
1.3136
1.3195
1.3136
1.328
1.3362
1.3348
1.3421
1.3213
1.3091
1.2961
1.2903
1.2948
1.2973
1.3199
1.3349
1.3311
1.3371
1.3506
1.3472
1.3521
1.3571
1.3596
1.3681
1.3716
1.371
1.3692
1.3755
1.3803
1.3745
1.3631
1.3553
1.3635
1.3647
1.3604
1.3524
1.344
1.351
1.351
1.356
1.3627
1.3668
1.3667
1.3731
1.3773
1.3762
1.3834
1.3825
1.3809
1.385
1.3957
1.4028
1.3898
1.3928
1.3817
1.3773
1.3948
1.3884
1.3951
1.4004
1.413
1.4194
1.4211
1.4136
1.4128
1.4115
1.4032
1.4066
1.409
1.4207
1.4141
1.424
1.4166
1.43
1.4283
1.4401
1.4434
1.447
1.4493
1.4401
1.445
1.4275
1.4302
1.4515
1.4584
1.4617
1.4668
1.4794
1.486
1.4837
1.478
1.4882
1.4814
1.4501
1.4397
1.4358
1.4357
1.4153
1.428
1.4143
1.4171
1.4227
1.4265
1.4237
1.402
1.4089
1.4069
1.4168
1.4265
1.4272
1.4385
1.4408
1.446
1.4488
1.4596
1.4652
1.4608
1.4614
1.4486
1.4354
1.4448
1.4292
1.4088
1.427
1.4235
1.4373
1.4397
1.4212
1.422
1.4205
1.4261
1.4425
1.4453
1.4488
1.45
1.4461
1.4318
1.4247
1.4242
1.4056
1.3975
1.4073
1.4202
1.4146
1.4045
1.416
1.4207
1.4222
1.4391
1.438
1.4471
1.4446
1.426
1.426
1.4415
1.417
1.43
1.4229
1.4155
1.4225
1.4267
1.4367
1.4143
1.425
1.4309
1.436
1.4477
1.4369
1.4385
1.4413
1.4462
1.4433
1.4424
1.4402
1.4487
1.4402
1.445
1.4285
1.4255
1.4126
1.4099
1.4036
1.4044
1.3817
1.3656
1.3645
1.3729
1.3795
1.376
1.3641
1.371
1.3636
1.3448
1.343
1.35
1.3579
1.3631
1.3615
1.3503
1.3327
1.3181
1.3337
1.3269
1.3434
1.3593
1.3607
1.3766
1.3727
1.3807
1.3776
1.3676
1.3828
1.3807
1.3798
1.3856
1.3918
1.3927
1.4038
1.416
1.4001
1.3627
1.3809
1.3773
1.3773
1.3742
1.3788
1.3633
1.3616
1.365
1.3659
1.3532
1.3484
1.348
1.3576
1.3458
1.3535
1.3387
1.3373
1.3229
1.3348
1.3336
1.3418
1.3492
1.3511
1.3442
1.3394
1.3377
1.341
1.3384
1.3251
1.3181
1.2993
1.3019
1.3064
1.3039
1.3074
1.3054
1.3047
1.3057
1.3069
1.3074
1.2889
1.2939
1.2935
1.3014
1.2948
1.2832
1.2776
1.2728
1.2808
1.2718
1.2736
1.2771
1.2669
1.279
1.2831
1.2911
1.2902
1.3017
1.3003
1.2942
1.3145
1.3145
1.311
1.3176
1.3175
1.3094
1.316
1.3042
1.3113
1.3274
1.3288
1.3189
1.3254
1.3169
1.3092
1.2982
1.3159
1.3266
1.3222
1.323
1.33
1.3412
1.3388
1.3454
1.3443
1.3312
1.3217
1.322
1.3153
1.312
1.3242
1.3191
1.3119
1.3057
1.3062
1.3057
1.3116
1.315
1.3198
1.3225
1.3167
1.3242
1.3276
1.3333
1.3337
1.3272
1.3356
1.3319
1.3315
1.3142
1.3068
1.3114
1.3131
1.3153
1.3148
1.3024
1.3132
1.3093
1.3086
1.3192
1.3131
1.3161
1.3206
1.3215
1.3229
1.3214
1.3131
1.3123
1.3132
1.3033
1.3025
1.295
1.2961
1.2944
1.2863
1.2843
1.2738
1.2682
1.2721
1.275
1.2768
1.2659
1.2557
1.2546
1.2566
1.2523
1.2438
1.2403
1.2322
1.2437
1.2429
1.2485
1.2595
1.2468
1.2544
1.2492
1.2534
1.2551
1.2596
1.2618
1.2619
1.2704
1.267
1.2539
1.2488
1.2475
1.2478
1.2418
1.259
1.2593
1.2575
1.256
1.2426
1.2377
1.2293
1.2285
1.226
1.2178
1.2185
1.2177
1.2281
1.2234
1.2287
1.22
1.2105
1.2089
1.2134
1.226
1.2317
1.2246
1.2284
1.2298
1.2346
1.2245
1.2379
1.2436
1.2336
1.2301
1.2262
1.2339
1.2352
1.2276
1.2279
1.2337
1.23
1.2428
1.2448
1.2552
1.2507
1.253
1.2548
1.2545
1.2544
1.2611
1.2568
1.2579
1.2578
1.2638
1.2706
1.2776
1.2787
1.2896
1.291
1.3095
1.3086
1.3054
1.3002
1.2954
1.2988
1.2916
1.2932
1.2845
1.2874
1.293
1.2877
1.293
1.2904
1.2951
1.3002
1.2958
1.2953
1.2889
1.2918
1.297
1.2971
1.3046
1.312
1.3118
1.3035
1.3063
1.3005
1.2942
1.2993
1.2908
1.2898
1.2962
1.2993
1.2975
1.285
1.2777
1.28
1.2746
1.2736
1.2694
1.2735
1.2696
1.2726
1.2756
1.2745
1.2762
1.2809
1.2805
1.2893
1.2909
1.2964
1.2961
1.2891
1.2994
1.2986
1.3057
1.3092
1.3065
1.3072
1.2905
1.293
1.2993
1.304
1.3077
1.3081
1.316
1.3178
1.3302
1.3246
1.3209
1.3218
1.3266
1.3183
1.3194
1.3262
1.3102
1.3012
1.3039
1.3086
1.3056
1.3113
1.3274
1.3341
1.3327
1.3277
1.3368
1.3324
1.3323
1.3317
1.333
1.3349
1.3469
1.3444
1.3433
1.3541
1.355
1.3644
1.3552
1.3537
1.3517
1.3546
1.3374
1.3391
1.3438
1.348
1.3327
1.3325
1.3352
1.3349
1.337
1.3186
1.3186
1.3304
1.3077
1.3097
1.3129
1.3
1.3007
1.3034
1.3035
1.301
1.309
1.2994
1.3053
1.2981
1.2937
1.3086
1.2929
1.2944
1.2945
1.291
1.2948
1.2935
1.2861
1.2768
1.2805
1.284
1.2828
1.2818
1.2944
1.3023
1.304
1.3086
1.3119
1.3052
1.3081
1.3129
1.3129
1.3045
1.3115
1.3037
1.299
1.3006
1.308
1.2999
1.3113
1.3072
1.3191
1.3114
1.3107
1.3107
1.3135
1.3142
1.2988
1.2973
1.2977
1.2864
1.289
1.2869
1.2853
1.2866
1.2923
1.2888
1.2939
1.2939
1.2938
1.2952
1.2944
1.3006
1.3008
1.3092
1.3067
1.3118
1.326
1.3209
1.3273
1.3277
1.3315
1.3303
1.3337
1.3374
1.3406
1.32
1.318
1.3086
1.3134
1.3024
1.3032
1.308
1.3037
1.3017
1.2959
1.2984
1.2883
1.285
1.2857
1.2813
1.3044
1.3034
1.3012
1.3118
1.3136
1.3093
1.3123
1.3166
1.318
1.3246
1.3202
1.326
1.327
1.3284
1.3275
1.3236
1.3203
1.3257
1.328
1.3305
1.336
1.3373
1.328
1.329
1.3243
1.3297
1.334
1.3344
1.3392
1.3384
1.3323
1.3355
1.3361
1.3338
1.3347
1.3266
1.3235
1.3207
1.3172
1.3171
1.3202
1.3117
1.3194
1.324
1.3268
1.329
1.3295
1.3357
1.3356
1.3352
1.3545
1.3514
1.3508
1.3473
1.3504
1.3499
1.3537
1.3505
1.3554
1.3515
1.3594
1.3593
1.3572
1.3576
1.3515
1.3532
1.3566
1.3564
1.3493
1.3561
1.3662
1.3684
1.3667
1.3674
1.3752
1.3805
1.3777
1.3784
1.3768
1.3755
1.3641
1.3505
1.3506
1.3494
1.3517
1.3365
1.3431
1.3394
1.3432
1.3415
1.3436
1.346
1.3517
1.3502
1.3527
1.3472
1.3518
1.3514
1.3547
1.3596
1.3592
1.3611
1.3536
1.3578
1.3592
1.3594
1.3661
1.3722
1.375
1.3767
1.3775
1.3727
1.3776
1.3749
1.3749
1.3667
1.3655
1.3702
1.3684
1.3814
1.3783
1.3791
1.3658
1.3634
1.3602
1.3641
1.3594
1.3612
1.3587
1.3654
1.3667
1.3606
1.3597
1.3584
1.3566
1.3526
1.3566
1.3639
1.3687
1.3658
1.3649
1.3608
1.3574
1.3516
1.3498
1.3519
1.3543
1.3495
1.3574
1.3638
1.3676
1.3573
1.3675
1.3707
1.3699
1.3731
1.3745
1.3706
1.3707
1.3735
1.3754
1.3726
1.3656
1.3813
1.3768
1.3768
1.3732
1.3745
1.3894
1.3881
1.385
1.3887
1.3942
1.3884
1.3906
1.3902
1.3913
1.3762
1.378
1.3774
1.3789
1.3791
1.3758
1.3759
1.3788
1.379
1.3795
1.3771
1.37
1.3723
1.3774
1.3794
1.3867
1.3872
1.3827
1.3803
1.384
1.3855
1.3817
1.3834
1.382
1.3831
1.3861
1.3826
1.385
1.3862
1.3874
1.3945
1.3927
1.3953
1.3781
1.3765
1.3703
1.3719
1.3659
1.3696
1.3715
1.3702
1.3676
1.3668
1.363
1.3635
1.3638
1.3608
1.3612
1.3607
1.3611
1.3645
1.3627
1.3567
1.3642
1.3608
1.3547
1.3547
1.3528
1.3534
1.3532
1.3568
1.3563
1.362
1.3588
1.3596
1.3618
1.3615
1.3606
1.362
1.3658
1.3688
1.3656
1.3646
1.3588
1.3592
1.3589
1.3603
1.3604
1.3595
1.3627
1.3613
1.3532
1.3525
1.3525
1.3518
1.3481
1.3465
1.3472
1.344
1.3433
1.3429
1.3401
1.3379
1.3395
1.3422
1.3382
1.3345
1.3368
1.3388
1.3386
1.3346
1.336
1.3373
1.3388
1.3383
1.3354
1.3284
1.3262
1.3267
1.32
1.3192
1.3177
1.3178
1.3188
1.3133
1.3115
1.3151
1.3015
1.2948
1.2947
1.2902
1.2929
1.2928
1.2931
1.2911
1.2949
1.2956
1.2872
1.2852
1.2845
1.2892
1.2826
1.2712
1.2732
1.2701
1.2583
1.2603
1.2631
1.2616
1.2565
1.2607
1.2645
1.2763
1.2638
1.2679
1.2646
1.2666
1.2749
1.2823
1.2773
1.2762
1.2693
1.2669
1.2659
1.2679
1.2748
1.2737
1.2598
1.2524
1.2493
1.2514
1.248
1.2517
1.2393
1.2486
1.2424
1.2467
1.2456
1.2436
1.2496
1.2514
1.2535
1.2539
1.2422
1.241
1.2424
1.2475
1.248
1.2483
1.2469
1.2424
1.2331
1.2311
1.2362
1.2258
1.2369
1.2392
1.2428
1.245
1.2426
1.2537
1.2448
1.2285
1.2279
1.2259
1.2213
1.2219
1.2197
1.216
1.2141
1.2043
1.1915
1.1914
1.1831
1.1768
1.1813
1.1804
1.1782
1.1775
1.1708
1.1588
1.1605
1.1579
1.1593
1.1618
1.1198
1.1244
1.1306
1.1344
1.1315
1.1305
1.131
1.1376
1.1446
1.141
1.1447
1.1275
1.1297
1.1314
1.1328
1.1381
1.1408
1.1415
1.1372
1.1387
1.1298
1.1298
1.1328
1.1346
1.1317
1.124
1.1227
1.1168
1.1124
1.1069
1.0963
1.086
1.0738
1.0578
1.0613
1.0572
1.0557
1.0635
1.0592
1.0677
1.0776
1.0912
1.095
1.0985
1.0973
1.0856
1.0845
1.0759
1.0755
1.083
1.0847
1.0862
1.0774
1.057
1.0552
1.0564
1.0579
1.0711
1.0814
1.0723
1.07
1.0743
1.0772
1.0824
1.0822
1.0927
1.1002
1.1215
1.1152
1.1117
1.123
1.1305
1.1221
1.1142
1.1239
1.1221
1.1419
1.1328
1.1389
1.118
1.1118
1.1133
1.1164
1.0978
1.0926
1.0863
1.0896
1.097
1.0944
1.1029
1.1134
1.1317
1.1218
1.1162
1.1249
1.1279
1.1232
1.122
1.1218
1.1215
1.1279
1.1404
1.1299
1.1345
1.1204
1.1213
1.1206
1.1202
1.1133
1.1189
1.11
1.1066
